time_period_value,cardholder_location,merchant_location,cardholder_index_spend,merchant_index_spend
2023Q3,AB25,M26,0.002112628870189222,0.005481630203739817
2021Q3,AB39,M26,0.00246899803157622,0.0020534159363439805
2019Q3,AB51,M26,0.0013970190547605507,0.0030400225591136953
2021Q2,AL1,M26,0.0019120410598797003,0.006631580524850856
2019Q4,AL10,M26,0.0026964209505287865,0.007293035689229766
2021Q3,AL10,M26,0.0019261842691562386,0.005209769126083427
2019Q3,AL2,M26,0.037158602737731666,0.012467545014526514
2021Q2,AL3,M26,0.0017492533390861935,0.002717876197380847
2022Q3,AL3,M26,0.0037801132994086033,0.0058732944681600405
2023Q3,AL4,M26,0.00462264418938377,0.0031409938068210057
2023Q1,AL5,M26,0.0013197724202053795,0.002965162262367733
2020Q1,AL9,M26,0.0046259300875935,0.0013635125236030894
2019Q3,B1,M26,0.013252766751613793,0.013304497823730036
2020Q1,B1,M26,0.009357738897365695,0.009394266052398108
2021Q4,B1,M26,0.007826907937741904,0.007857459621519573
2022Q3,B1,M26,0.010211260473993379,0.01025111927946987
2022Q4,B1,M26,0.008585372049401858,0.008618884334719813
2023Q2,B1,M26,0.003492114582512934,0.003505745761171093
2023Q3,B1,M26,0.005776819755208311,0.005799369090374332
2021Q4,B10,M26,0.008332122498112859,0.010933543340528741
2022Q1,B10,M26,0.008086726286869003,0.010611530538647357
2022Q4,B10,M26,0.01028155162874478,0.013491615175632077
2019Q4,B11,M26,0.010386097238772068,0.0103531590059889
2022Q3,B11,M26,0.02495593584175169,0.024876791153888692
2023Q3,B11,M26,0.024562824533283137,0.02448492654969127
2020Q3,B12,M26,0.006857935321709697,0.003814068678277345
2022Q3,B12,M26,0.01912006392394936,0.010633701473990495
2022Q4,B12,M26,0.023179302665513917,0.012891263643298264
2023Q3,B12,M26,0.036319175904825016,0.02019905769611488
2023Q3,B13,M26,0.009829486228759772,0.020741177133210085
2020Q1,B14,M26,0.001377568747796633,0.002665120056052292
2020Q3,B14,M26,0.002284936751839082,0.004420563963778532
2020Q1,B15,M26,0.006848102059689103,0.01854685555357085
2020Q3,B15,M26,0.006989240557694943,0.01892910384846281
2022Q4,B15,M26,0.01164469046239287,0.03153755450628458
2023Q3,B15,M26,0.014954047969617896,0.04050035545852599
2020Q1,B16,M26,0.006985788913051731,0.008543423018642258
2023Q2,B16,M26,0.0032408394780006357,0.003963455372140609
2023Q3,B16,M26,0.01037045699015017,0.012682776715161872
2023Q3,B17,M26,0.00379620167199155,0.007689708448079917
2020Q1,B18,M26,0.00965928534516864,0.009098230641626608
2022Q4,B18,M26,0.012655009446214982,0.011919949623521258
2023Q3,B18,M26,0.01930949574630988,0.018187913452759483
2020Q1,B19,M26,0.017450413649241204,0.015282919903476591
2022Q3,B19,M26,0.02245461170902753,0.01966555286943915
2023Q1,B19,M26,0.025891776272034005,0.02267579158167622
2022Q3,B20,M26,0.01592484353263251,0.014297448539444325
2023Q2,B20,M26,0.02289420330862575,0.020554594020713902
2021Q4,B21,M26,0.03781575033636255,0.0048464195501737185
2023Q3,B21,M26,0.02435021053240955,0.0031206927093983725
2021Q1,B23,M26,0.0010197468147438308,0.001521380268034361
2019Q2,B24,M26,0.006074431442725675,0.008582622835047146
2019Q3,B24,M26,0.008735637489851584,0.012342666553407022
2020Q1,B24,M26,0.003873577884703864,0.0054730155933203455
2020Q4,B24,M26,0.003901936354258532,0.005513083548759753
2021Q2,B24,M26,0.001759312187055639,0.0024857491755352038
2022Q1,B24,M26,0.00578073222637117,0.008167652376546333
2022Q4,B24,M26,0.0047417724301200065,0.0066996960490978506
2023Q1,B24,M26,0.006643113285528604,0.009386118901458762
2020Q3,B25,M26,0.003060699500964117,0.0026880255705784874
2023Q3,B25,M26,0.009072070872516344,0.007967446159200753
2023Q3,B26,M26,0.0050189524989653475,0.005504602498191746
2023Q3,B28,M26,0.002895378423737512,0.004317856438002182
2021Q1,B29,M26,0.0010001212877360926,0.0017652605568088968
2022Q1,B29,M26,0.004443339795453374,0.007842701257932728
2023Q3,B29,M26,0.003875328110018632,0.00684013423291298
2019Q2,B3,M26,0.008001852296400266,0.002882355154459621
2023Q2,B30,M26,0.010083733330671977,0.005185795132745513
2023Q3,B30,M26,0.013473026018378749,0.006928817974285539
2022Q1,B31,M26,0.0022602451187963327,0.00751434436310677
2023Q1,B31,M26,0.0027047455296761807,0.008992117339637905
2023Q3,B33,M26,0.02064553476846588,0.014567039099625815
2019Q1,B34,M26,0.00315991945686312,0.004463904135578828
2023Q1,B34,M26,0.00411945338064811,0.0058194030680940355
2023Q3,B34,M26,0.0043323679925668995,0.0061201798535925325
2021Q3,B36,M26,0.0035414798143967507,0.0034425719514282914
2022Q4,B36,M26,0.001747622839487865,0.0016988145307052106
2019Q2,B37,M26,0.0026272573895937484,0.0018795210097369453
2023Q3,B38,M26,0.010509813350696513,0.0020789258679737373
2019Q1,B42,M26,0.006720559919024964,0.007885306850549965
2019Q3,B42,M26,0.003713869323387029,0.004357523713887197
2020Q1,B42,M26,0.003956729012023277,0.004642473656987127
2020Q4,B42,M26,0.005495845885728786,0.006448336408641293
2023Q3,B42,M26,0.005873140677378586,0.0068910205363210296
2019Q1,B43,M26,0.0022010466337174486,0.0017480981158956837
2019Q3,B43,M26,0.0042206416635245094,0.00335208515206096
2022Q4,B43,M26,0.004209374511103752,0.003343136642012825
2019Q2,B44,M26,0.004574308056385711,0.009435869946129362
2021Q4,B44,M26,0.0029866801961668,0.006160915608289265
2023Q1,B44,M26,0.001862770071511513,0.003842516926639326
2023Q3,B44,M26,0.0009640498776423594,0.001988639408383603
2023Q3,B45,M26,0.0016914802351715454,0.0018249618104136164
2019Q3,B5,M26,0.008022781867214659,0.005069865181674157
2020Q4,B5,M26,0.005663997978358135,0.003579270459402409
2022Q3,B5,M26,0.013798267547859592,0.008719588462724194
2023Q2,B5,M26,0.012495710753179895,0.00789645909814727
2023Q3,B5,M26,0.022908662146766887,0.014476752640035681
2023Q3,B6,M26,0.026077646705316548,0.03634403966087035
2023Q3,B60,M26,0.0024198439210702393,0.005463198944237689
2019Q2,B66,M26,0.006199053906865311,0.005618061592011005
2020Q3,B66,M26,0.0028887850580632804,0.0026180402084109862
2019Q4,B68,M26,0.003875449190594362,0.004665178831736126
2022Q1,B69,M26,0.0009648503881817928,0.0016999497894426606
2021Q2,B7,M26,0.023264402323391813,0.012200825991151515
2023Q3,B7,M26,0.018313481004874243,0.009604355698752077
2019Q2,B70,M26,0.005967096433858939,0.006385763618230082
2019Q3,B70,M26,0.005922104836259882,0.0063376152917770595
2023Q1,B70,M26,0.0047411534013608965,0.0050738051972923645
2021Q4,B71,M26,0.0023321254418135783,0.002543046351813559
2023Q3,B71,M26,0.008349071547697984,0.009104174055016788
2019Q3,B73,M26,0.005915771509112025,0.012001421132914723
2019Q4,B73,M26,0.0024619532078919326,0.0049946042053738
2020Q1,B73,M26,0.003951725887894782,0.008016930084168424
2019Q4,B76,M26,0.0021163897113000768,0.0030716762439108288
2022Q4,B76,M26,0.0012835360433599348,0.0018628928082295906
2023Q1,B77,M26,0.0016135697337717305,0.0070548316941424815
2022Q1,B78,M26,0.00280417035162632,0.002632197552666244
2023Q2,B78,M26,0.004311191372493489,0.004046796719454579
2023Q3,B78,M26,0.0071974606835722345,0.006756058306415954
2020Q4,B79,M26,0.002329843029688881,0.003313887034542056
2022Q1,B79,M26,0.0037451015394208993,0.005326901115817966
2023Q3,B79,M26,0.006162740927031717,0.008765666611479513
2019Q3,B8,M26,0.015433176665794704,0.007933254837225791
2020Q1,B8,M26,0.013998296691774294,0.007195670557512003
2020Q3,B8,M26,0.04935285584884646,0.02536929310616476
2023Q1,B8,M26,0.012806872133898226,0.006583231858620636
2023Q2,B8,M26,0.028797501943062926,0.014803039357163934
2023Q3,B8,M26,0.04635370337440235,0.02382761174070776
2020Q1,B9,M26,0.007728447788788255,0.008269224643585236
2023Q1,B9,M26,0.019505798841798337,0.02087066340920511
2023Q3,B9,M26,0.021872553280201927,0.02340302497290149
2023Q3,B90,M26,0.0009163629885767617,0.004026695961809143
2022Q4,B92,M26,0.0014376030902090251,0.0020611624077289327
2023Q1,B92,M26,0.0063096173730197895,0.009046409419258309
2019Q2,B97,M26,0.002842425415716061,0.002120663321556455
2022Q4,B97,M26,0.004330321803341961,0.0032307460270052826
2023Q3,B97,M26,0.0014078759719044565,0.0010503814518441077
2022Q3,BA1,M26,0.002212386460626724,0.007188658665310106
2023Q1,BA1,M26,0.001699916476365877,0.005523501217173999
2023Q3,BA11,M26,0.001480718242252724,0.003592559664623146
2019Q3,BA12,M26,0.002232185156457441,0.003130375798629563
2023Q3,BA12,M26,0.0051120354360691105,0.007169025367144795
2023Q1,BA14,M26,0.0009986744800526103,0.0037287907131171366
2023Q1,BA2,M26,0.0011026428305733007,0.004660237117231932
2023Q3,BA2,M26,0.003039097580788124,0.01284451769528562
2019Q3,BA20,M26,0.002275692546719908,0.008202578277704353
2023Q1,BA3,M26,0.034336523519628334,0.0689779202079029
2019Q1,BB1,M26,0.08842368104883219,0.2305082096659651
2019Q2,BB1,M26,0.1116802205066184,0.291134765921632
2020Q1,BB1,M26,0.07339257825073538,0.1913242201034752
2020Q2,BB1,M26,0.022911760368853205,0.05972776523523519
2021Q1,BB1,M26,0.007330865698649995,0.0191105449066776
2023Q3,BB1,M26,0.060320381177552465,0.1572468246818122
2020Q2,BB10,M26,0.04808471751956279,0.02211377172671277
2020Q4,BB10,M26,0.1321054806620008,0.06075423947366713
2021Q1,BB10,M26,0.010671181739047512,0.00490758996214455
2022Q3,BB10,M26,0.08956320263403139,0.041189390732232364
2022Q4,BB10,M26,0.14147545460717978,0.0650634145213241
2023Q1,BB10,M26,0.1242190956053337,0.05712735492721755
2019Q2,BB11,M26,0.11386096065928115,0.19612663168259128
2020Q1,BB11,M26,0.06711190834970898,0.11560092637727352
2020Q2,BB11,M26,0.012860945028068723,0.02215310510296913
2020Q3,BB11,M26,0.06896502610222881,0.11879294004735405
2020Q4,BB11,M26,0.11052686844816896,0.19038362484953505
2021Q2,BB11,M26,0.1097818064810164,0.1891002482368108
2022Q1,BB11,M26,0.060652804955107324,0.1044750568506356
2022Q2,BB11,M26,0.07943287923486476,0.1368239206746425
2022Q3,BB11,M26,0.0627575720586932,0.1081005390186448
2022Q4,BB11,M26,0.10191507950938404,0.1755497331666828
2023Q1,BB11,M26,0.06211769029327259,0.1069983363444324
2023Q2,BB11,M26,0.13308505589386213,0.2292403259960108
2020Q4,BB12,M26,0.05397084928955948,0.08921277194421033
2021Q2,BB12,M26,0.06295432879081246,0.10406229012968396
2022Q4,BB12,M26,0.1055745589014857,0.17451270769998514
2023Q3,BB12,M26,0.02198563845488444,0.03634183592332119
2020Q4,BB18,M26,0.043415274942581066,0.016861931247417968
2019Q1,BB2,M26,0.07733927330411605,0.20121699830146528
2019Q2,BB2,M26,0.10570625907987362,0.27502063628256485
2020Q1,BB2,M26,0.06195861582897207,0.16120046340487015
2020Q2,BB2,M26,0.014067694553017191,0.036600541355608314
2021Q1,BB2,M26,0.011236660763761052,0.029234915887107474
2023Q1,BB2,M26,0.06462353040660808,0.16813388919403122
2019Q1,BB3,M26,0.09311003881877143,0.09361043039346266
2019Q2,BB3,M26,0.12106892220567368,0.1217195702925742
2019Q3,BB3,M26,0.15298541814302094,0.15380759172667052
2020Q1,BB3,M26,0.09532577577721096,0.09583807515604234
2020Q2,BB3,M26,0.057325933436042,0.05763401422374888
2020Q3,BB3,M26,0.11504369588814715,0.11566196322939287
2020Q4,BB3,M26,0.1040372792718228,0.10459639597569127
2021Q2,BB3,M26,0.13521508551809727,0.13594175785571816
2021Q3,BB3,M26,0.10298221704243694,0.10353566363535867
2022Q1,BB3,M26,0.07148903460218589,0.07187323066795459
2022Q2,BB3,M26,0.1242342417397428,0.12490190087342352
2022Q3,BB3,M26,0.13020334065964714,0.13090307889936098
2022Q4,BB3,M26,0.0990022863788546,0.09953434404532782
2023Q1,BB3,M26,0.06654264993220943,0.06690026315851808
2023Q2,BB3,M26,0.10563475135799316,0.10620245318955426
2023Q3,BB3,M26,0.09553255043851028,0.09604596106484714
2019Q1,BB4,M26,0.18339991211035894,0.3977734923659957
2019Q2,BB4,M26,0.2427737132473888,0.5265484953720441
2019Q3,BB4,M26,0.19555080291545449,0.4241273886971582
2019Q4,BB4,M26,0.25617649330097114,0.5556175967035579
2020Q1,BB4,M26,0.11530817827466265,0.2500902876282388
2020Q3,BB4,M26,0.121276043534211,0.2630339067333113
2021Q2,BB4,M26,0.2329598732705945,0.5052633957437439
2021Q3,BB4,M26,0.14369960639709026,0.3116680571460373
2021Q4,BB4,M26,0.2014331952279604,0.4368856267283977
2022Q1,BB4,M26,0.1674458446414718,0.3631709396083736
2022Q2,BB4,M26,0.1543673137252468,0.3348050976747468
2022Q3,BB4,M26,0.1145048372583496,0.2483479325859561
2022Q4,BB4,M26,0.16798836385144594,0.3643476018997775
2023Q1,BB4,M26,0.10071145568957238,0.2184316611166015
2023Q2,BB4,M26,0.1074271784457758,0.2329972978377869
2023Q3,BB4,M26,0.10212246748500288,0.2214919847731378
2019Q1,BB5,M26,0.0828101481957666,0.26967022863288914
2019Q2,BB5,M26,0.11915531906432378,0.388027830344394
2019Q3,BB5,M26,0.09236975170512644,0.30080095983161226
2020Q1,BB5,M26,0.06911882748798874,0.22508461121768672
2020Q2,BB5,M26,0.0460183201620239,0.14985809335900802
2020Q3,BB5,M26,0.08254452447506287,0.268805228254878
2020Q4,BB5,M26,0.09885125348322156,0.3219078906180584
2021Q2,BB5,M26,0.09536722095975968,0.3105621815759096
2021Q3,BB5,M26,0.08933413992594219,0.2909155274254527
2021Q4,BB5,M26,0.1239378379612096,0.4036020442839151
2022Q2,BB5,M26,0.093017190299279,0.3029093356468339
2022Q3,BB5,M26,0.07689100257399496,0.2503946037498012
2023Q2,BB5,M26,0.0838261543134433,0.2729788400532983
2019Q2,BB6,M26,0.04945740445667966,0.008018532802386
2019Q3,BB6,M26,0.0575094623520078,0.009324013570527678
2020Q1,BB6,M26,0.051741752151574026,0.008388894270497604
2020Q4,BB6,M26,0.020223849949389302,0.0032788943534583057
2022Q2,BB6,M26,0.032922450640625,0.005337719463786607
2022Q4,BB6,M26,0.0395996162522248,0.006420288839833707
2023Q1,BB6,M26,0.06533539206765743,0.010592832159442298
2023Q3,BB6,M26,0.04328810049452176,0.007018303074766885
2019Q1,BB7,M26,0.039832871645094026,0.06729499929952197
2020Q4,BB7,M26,0.11418265337076705,0.19290403280652532
2021Q1,BB7,M26,0.032776294942249234,0.055373380177857416
2020Q4,BB8,M26,0.03406337965881912,0.040680861597780525
2021Q1,BB8,M26,0.010176774228789879,0.01215381292343594
2021Q4,BB8,M26,0.06619851899353801,0.07905888423660674
2022Q2,BB8,M26,0.04919612964927602,0.058753446118800234
2020Q2,BB9,M26,0.011632063611054278,0.019249914611681008
2021Q1,BB9,M26,0.01991512561150064,0.03295756284705724
2023Q1,BB9,M26,0.05481038832979783,0.09070577074380844
2020Q1,BD1,M26,0.035398219438139304,0.015662497001339256
2021Q2,BD1,M26,0.014129011860293644,0.006251602747433794
2021Q3,BD1,M26,0.02662016614746432,0.011778509740820144
2022Q1,BD1,M26,0.03802027063772144,0.016822664651087345
2022Q3,BD1,M26,0.03795280636061252,0.016792814024284987
2022Q4,BD1,M26,0.03947429937523219,0.01746602245559279
2023Q2,BD1,M26,0.024469912107261325,0.010827096138911377
2019Q3,BD10,M26,0.009718440547640692,0.016358944846801917
2020Q2,BD10,M26,0.002851961293266036,0.004800675301047061
2021Q1,BD10,M26,0.0007657941359324824,0.0012890529064115207
2021Q2,BD10,M26,0.010411793089405808,0.017526057608826168
2022Q4,BD10,M26,0.028909313797669155,0.04866273222093946
2023Q3,BD10,M26,0.010048593311419907,0.016914687388746522
2022Q1,BD11,M26,0.13078252534516488,0.011069373709468335
2022Q4,BD12,M26,0.06743214005678642,0.012837238683380794
2023Q1,BD12,M26,0.06353386415864737,0.012095113368717207
2022Q2,BD13,M26,0.039964613186226815,0.014432611109126596
2023Q3,BD13,M26,0.0229785153430622,0.008298340691204541
2019Q2,BD14,M26,0.038140829182966685,0.0037590420194738906
2020Q1,BD14,M26,0.08390237085164713,0.008269157863659504
2023Q3,BD14,M26,0.03398321454685577,0.003349280395180201
2019Q4,BD15,M26,0.05071117152373823,0.007010690163233397
2020Q4,BD15,M26,0.010955974179668006,0.0015146354955353936
2021Q2,BD15,M26,0.02873304581496372,0.003972270322337279
2019Q3,BD16,M26,0.017264071968368544,0.01894272695331221
2023Q3,BD16,M26,0.014751016519234527,0.016185317039897812
2019Q3,BD17,M26,0.010391271321431054,0.0075154796218442205
2021Q2,BD17,M26,0.010374743677580931,0.0075035260151381285
2021Q3,BD17,M26,0.009823422105351571,0.007104783078590278
2022Q3,BD17,M26,0.01048748252194403,0.007585064304457326
2022Q4,BD17,M26,0.010855615013734094,0.0078513158683522
2019Q2,BD18,M26,0.01444238167115511,0.014777462645608443
2019Q3,BD18,M26,0.02281688237048808,0.023346262036028995
2020Q1,BD18,M26,0.015600390664002846,0.015962338867877502
2020Q3,BD18,M26,0.004105733513051099,0.004200991567970573
2021Q3,BD18,M26,0.007195671953978982,0.007362620371842874
2022Q2,BD18,M26,0.004805055293942918,0.004916538472192685
2023Q2,BD18,M26,0.02524117612235244,0.025826802377357082
2023Q3,BD18,M26,0.020670489891888997,0.02115007061846925
2019Q1,BD19,M26,0.012789412752880222,0.010761651811693676
2022Q1,BD19,M26,0.036015048532634306,0.03030486385719117
2023Q1,BD19,M26,0.008328820241660106,0.007008286085907034
2019Q2,BD2,M26,0.019729733134499217,0.019605784835908698
2019Q3,BD2,M26,0.040751830050588814,0.04049581442357618
2020Q1,BD2,M26,0.017237811685528667,0.017129518409827488
2020Q4,BD2,M26,0.006638762064154218,0.006597055303247232
2021Q4,BD2,M26,0.029008933311204382,0.02882669020110563
2022Q2,BD2,M26,0.029356905837909963,0.029172476656547732
2023Q2,BD2,M26,0.026383750077672782,0.026217999182297173
2023Q3,BD2,M26,0.02864409305483425,0.028464141984304712
2022Q3,BD20,M26,0.02259032532188655,0.019733935513389075
2023Q1,BD20,M26,0.009303859276769086,0.008127450861255459
2023Q2,BD20,M26,0.02543312237151649,0.022217280611597917
2023Q3,BD20,M26,0.018841949068504855,0.01645951541495484
2020Q1,BD21,M26,0.020528249265828087,0.05651611826698937
2023Q2,BD21,M26,0.016588289714356674,0.04566905493028402
2023Q3,BD21,M26,0.016807276076670808,0.04627194409979566
2023Q2,BD22,M26,0.13768338661597354,0.006037973765016012
2020Q2,BD23,M26,0.0016212394977490176,0.0028717371462681773
2020Q3,BD23,M26,0.009911717587033535,0.017556843154588785
2020Q4,BD23,M26,0.00649031147816395,0.011496431334526705
2023Q3,BD23,M26,0.011305433880147635,0.020025563449062242
2021Q3,BD24,M26,0.010072974885677528,0.003220128018813839
2020Q1,BD3,M26,0.03762091759451445,0.022497622739822316
2020Q4,BD3,M26,0.016676992788437785,0.009972980888794641
2021Q2,BD3,M26,0.035070250381353245,0.020972302456169743
2021Q4,BD3,M26,0.08036461036246953,0.04805870779269037
2022Q2,BD3,M26,0.08885235445733154,0.053134449607828975
2022Q3,BD3,M26,0.05560467925158375,0.033252062319536896
2022Q4,BD3,M26,0.059760052381873215,0.03573701013596331
2023Q1,BD3,M26,0.06850810054721722,0.04096841595798402
2023Q2,BD3,M26,0.05371242164784412,0.032120476478002244
2023Q3,BD3,M26,0.03749740995746895,0.02242376414196233
2019Q3,BD4,M26,0.060264616643724775,0.08519181905601415
2019Q4,BD4,M26,0.027281276234881743,0.03856560745020839
2020Q1,BD4,M26,0.01650374003969166,0.023330168073927498
2021Q3,BD4,M26,0.04050683956719114,0.0572616493578653
2022Q3,BD4,M26,0.021178002233330214,0.02993784138536618
2022Q4,BD4,M26,0.028799430035572643,0.04071171392346887
2023Q1,BD4,M26,0.012464242529125069,0.017619816624554387
2023Q2,BD4,M26,0.020229421833234583,0.02859690047666062
2023Q3,BD4,M26,0.027671148448128218,0.03911674217727746
2019Q3,BD5,M26,0.05664639900034085,0.08198170802606017
2020Q1,BD5,M26,0.03873498150143538,0.0560593435749801
2020Q3,BD5,M26,0.02057974694515332,0.029784113996330307
2020Q4,BD5,M26,0.012865733315686223,0.01861997957224777
2021Q2,BD5,M26,0.0318490414737246,0.046093641698090285
2021Q4,BD5,M26,0.05499731160185824,0.07959506026031178
2023Q2,BD5,M26,0.042049859889386636,0.060856813439592025
2023Q3,BD5,M26,0.06519937586546676,0.09436003505980826
2019Q3,BD6,M26,0.03700430195970506,0.0373827346257113
2020Q1,BD6,M26,0.020997044358732446,0.021211775269845943
2020Q2,BD6,M26,0.003193281078203384,0.003225937872352553
2020Q4,BD6,M26,0.010435359903293948,0.010542079415885712
2021Q1,BD6,M26,0.007403504547925198,0.007479218122171554
2023Q3,BD6,M26,0.034993421333730616,0.035351289284933265
2019Q4,BD7,M26,0.07292847523223812,0.08267588535404792
2023Q2,BD7,M26,0.08097836136862482,0.091801696105002
2023Q3,BD7,M26,0.10485646019278076,0.11887127290023808
2019Q2,BD8,M26,0.026285438325939818,0.03607137722410517
2019Q4,BD8,M26,0.04029613419310396,0.0552981859814828
2023Q2,BD8,M26,0.05576905437600427,0.07653159794726602
2019Q2,BD9,M26,0.024158943505180476,0.007894388920449566
2023Q3,BH1,M26,0.0024668505985407287,0.002409352940497397
2019Q3,BH10,M26,0.0048065190820115854,0.004903917066229271
2022Q1,BH12,M26,0.0003793312247414048,0.0013242459272724686
2022Q3,BH12,M26,0.0006087854880179126,0.0021252711364319874
2019Q1,BH17,M26,0.0004339345763265576,0.0014118611898333096
2019Q3,BH17,M26,0.0012771124369864435,0.004155247318843914
2023Q3,BH17,M26,0.0003947117508909294,0.001284244751758792
2021Q3,BH21,M26,0.0019915867684740115,0.003302467667241825
2019Q2,BH23,M26,0.0005891628043186541,0.001829836744992078
2022Q1,BH23,M26,0.0006533233024058359,0.002029108043377406
2023Q3,BH23,M26,0.0008816263079988968,0.0027381772948034807
2023Q1,BH8,M26,0.0014663374313943212,0.004213412634156789
2019Q1,BL0,M26,0.6177091682741103,0.43288784647443057
2019Q2,BL0,M26,0.6594717570132979,0.4621548835058154
2019Q3,BL0,M26,0.6595065384446591,0.4621792581787077
2019Q4,BL0,M26,0.8470824166093949,0.5936316019672172
2020Q1,BL0,M26,0.7411438941786582,0.5193903551327935
2020Q2,BL0,M26,0.8534104454105048,0.5980662564953253
2020Q3,BL0,M26,0.7216015896248791,0.5056951947435293
2020Q4,BL0,M26,0.4512351368704355,0.3162235833397209
2021Q1,BL0,M26,0.682668684733011,0.4784111876067666
2021Q2,BL0,M26,0.5601725810172523,0.3925664612168673
2021Q3,BL0,M26,0.1871382991707337,0.13114569036954665
2021Q4,BL0,M26,0.179543845101704,0.12582353062845567
2022Q1,BL0,M26,0.21942147084429856,0.15376959394892886
2022Q2,BL0,M26,0.14021976822151316,0.09826539189656174
2022Q3,BL0,M26,0.09769637140564594,0.06846518393812992
2022Q4,BL0,M26,0.1388815883842372,0.09732760139950236
2023Q1,BL0,M26,0.2517218902961549,0.17640558469486856
2023Q2,BL0,M26,0.5087070211358022,0.35649962502771193
2023Q3,BL0,M26,0.21784210798572048,0.15266278345984088
2019Q1,BL1,M26,0.3226779043459824,1.1007960218567838
2019Q2,BL1,M26,0.4780522838115622,1.630846256194455
2019Q3,BL1,M26,0.39883823088298975,1.3606123382084592
2019Q4,BL1,M26,0.4414410408666493,1.5059492302556101
2020Q1,BL1,M26,0.3352841983536617,1.1438016262291593
2020Q2,BL1,M26,0.14528991194298144,0.4956476874576173
2020Q3,BL1,M26,0.23790517244476034,0.8115990090401275
2020Q4,BL1,M26,0.20627304272351754,0.7036879246707853
2021Q1,BL1,M26,0.1157052601666341,0.39472144942025017
2021Q2,BL1,M26,0.3033440317956593,1.0348396929484929
2021Q3,BL1,M26,0.2268163552790744,0.7737701845105239
2021Q4,BL1,M26,0.23885569002753476,0.8148416418939131
2022Q1,BL1,M26,0.2042252319986129,0.6967019430800729
2022Q2,BL1,M26,0.2424733610829412,0.8271831064086569
2022Q3,BL1,M26,0.20133777815988446,0.6868515701349228
2022Q4,BL1,M26,0.16974199976082405,0.5790644960876656
2023Q1,BL1,M26,0.19490286984769264,0.6648992722686309
2023Q2,BL1,M26,0.2465272871551261,0.8410128283482718
2023Q3,BL1,M26,0.2622056691807609,0.8944986739253045
2021Q2,BL11,M26,4.359579650941944,0.006108426586663639
2021Q4,BL11,M26,5.254792172764626,0.007362753931694338
2022Q1,BL11,M26,4.7583574377752695,0.006667174225266198
2022Q4,BL11,M26,4.4493249088130025,0.006234173186817651
2019Q1,BL2,M26,1.2582985802307558,2.8069254920668643
2019Q2,BL2,M26,1.861771648135839,4.153111496479216
2019Q3,BL2,M26,1.8544133847101598,4.136697191073981
2019Q4,BL2,M26,1.9550942773666415,4.361289166779541
2020Q1,BL2,M26,1.9033421228875091,4.245844037969001
2020Q2,BL2,M26,0.8286436463201995,1.8484809656773664
2020Q3,BL2,M26,1.5433719616270438,3.4428474854018636
2020Q4,BL2,M26,1.4757298953763445,3.2919562398118503
2021Q1,BL2,M26,1.0266155299031432,2.290102958638331
2021Q2,BL2,M26,1.7406598895698189,3.882943757399621
2021Q3,BL2,M26,1.6176613630177512,3.608567146720819
2021Q4,BL2,M26,1.8350866908946375,4.093584538480658
2022Q1,BL2,M26,1.6837758674681755,3.756050813040487
2022Q2,BL2,M26,1.9122051964923952,4.2656151699010225
2022Q3,BL2,M26,1.4533353849506243,3.2420001139893264
2022Q4,BL2,M26,1.3738903464806598,3.064779613860746
2023Q1,BL2,M26,0.8041783192685327,1.7939054052722336
2023Q2,BL2,M26,1.0384215855657903,2.316439091509249
2023Q3,BL2,M26,1.1112106971651599,2.4788120100702016
2019Q2,BL3,M26,3.5804915252699505,9.017863805764607
2019Q3,BL3,M26,3.6923655938764712,9.299631017604137
2019Q4,BL3,M26,4.008914476617012,10.096894379987301
2020Q1,BL3,M26,3.9036158141218418,9.831688055489991
2020Q2,BL3,M26,1.129740979466844,2.845377573643328
2020Q3,BL3,M26,1.8733366798380948,4.718205565323749
2020Q4,BL3,M26,1.2353906951287057,3.1114680643573345
2021Q1,BL3,M26,0.7866906583334525,1.9813674083709785
2021Q2,BL3,M26,1.3834222588646885,3.4843019256593277
2021Q3,BL3,M26,1.2998753437491242,3.2738797820551384
2021Q4,BL3,M26,1.4160999792512008,3.5666043776686798
2022Q1,BL3,M26,1.1743234059072498,2.9576633441674702
2022Q2,BL3,M26,1.289955970622904,3.2488967440394085
2022Q3,BL3,M26,1.0725385894027042,2.70130702932784
2022Q4,BL3,M26,0.9888823546340982,2.490609552089856
2023Q1,BL3,M26,0.9666660716441876,2.434655386897904
2023Q2,BL3,M26,1.730698634380737,4.358955876174453
2023Q3,BL3,M26,1.6911482528185393,4.259343867075498
2019Q1,BL4,M26,1.5159280003743036,2.8011606481980937
2019Q2,BL4,M26,2.044574493116265,3.778003711926112
2019Q3,BL4,M26,1.7583102847735856,3.2490392524009217
2019Q4,BL4,M26,2.0821807661623017,3.8474932999249742
2020Q1,BL4,M26,1.6647474346294189,3.0761520348731883
2020Q2,BL4,M26,0.4788663626199874,0.8848583906265084
2020Q3,BL4,M26,0.6328709635763146,1.1694310271460513
2020Q4,BL4,M26,0.6296727664881546,1.1635213376183668
2021Q1,BL4,M26,0.4114994191706455,0.7603764687060156
2021Q2,BL4,M26,0.7473610344930001,1.3809879620282104
2021Q3,BL4,M26,0.7428332157418027,1.3726213722529073
2021Q4,BL4,M26,0.8007741965227817,1.4796858207238148
2022Q1,BL4,M26,0.7042919321859641,1.301404054015496
2022Q2,BL4,M26,0.90741533992943,1.6767393577755711
2022Q3,BL4,M26,0.6123048161650908,1.131428508029618
2022Q4,BL4,M26,0.6345334695082828,1.1725030372895906
2023Q1,BL4,M26,0.5130052327457872,0.947940845430908
2023Q2,BL4,M26,0.4214637935031635,0.7787888294891615
2023Q3,BL4,M26,0.43866112753770026,0.8105663910485281
2019Q1,BL5,M26,0.17627925064036326,0.23557246533387774
2019Q4,BL5,M26,0.3254575442427888,0.4349283071051825
2020Q1,BL5,M26,0.19443610430455247,0.2598365506691721
2020Q2,BL5,M26,0.10569292290925733,0.14124375005923798
2020Q4,BL5,M26,0.17294275188037112,0.2311137032525803
2021Q2,BL5,M26,0.2640688754016696,0.3528909714009873
2021Q3,BL5,M26,0.18897971352448512,0.25254485057845705
2021Q4,BL5,M26,0.21522690706322464,0.2876205391098929
2022Q1,BL5,M26,0.15396691489816253,0.20575516171445848
2022Q4,BL5,M26,0.15150441810486495,0.2024643805342198
2023Q2,BL5,M26,0.3076845218596848,0.4111771583794383
2023Q3,BL5,M26,0.1664267149194141,0.2224059348367108
2019Q1,BL6,M26,0.2231039925417208,0.4513260510888349
2019Q2,BL6,M26,0.2403659411364257,0.4862459420535372
2019Q3,BL6,M26,0.2155586614782596,0.4360622970240435
2019Q4,BL6,M26,0.2380569974701963,0.4815750869281138
2020Q1,BL6,M26,0.14327080618155666,0.2898282834546043
2020Q2,BL6,M26,0.055514474216869836,0.11230246550557564
2020Q3,BL6,M26,0.08151329741890757,0.16489653195437845
2020Q4,BL6,M26,0.07409971452786886,0.14989929657318485
2021Q1,BL6,M26,0.03834499032548625,0.07756962511284965
2021Q2,BL6,M26,0.10429249370925847,0.2109774854665796
2021Q3,BL6,M26,0.08473464091916018,0.1714131174471182
2021Q4,BL6,M26,0.08852410921204416,0.17907898546171164
2022Q1,BL6,M26,0.07423865916774018,0.1501803732805923
2022Q2,BL6,M26,0.08450075572707458,0.17093998167330451
2022Q3,BL6,M26,0.09217492996692396,0.18646437778822927
2022Q4,BL6,M26,0.08296658770773986,0.16783645140481934
2023Q1,BL6,M26,0.014748928957060781,0.029836202338401542
2023Q2,BL6,M26,0.01946736876589128,0.039381324243029016
2023Q3,BL6,M26,0.020640591027955138,0.04175468280355669
2019Q3,BL7,M26,0.16329119913237508,0.003120559149546908
2019Q4,BL7,M26,0.20370777147856375,0.003892935770567249
2020Q4,BL7,M26,0.2017823407883727,0.0038561400314887258
2021Q2,BL7,M26,0.16727484883621868,0.003196688264881785
2021Q4,BL7,M26,0.1566972105436445,0.0029945454296899663
2022Q1,BL7,M26,0.0995493094413127,0.0019024265242631405
2023Q1,BL7,M26,0.17557062462299475,0.00335522380857038
2023Q2,BL7,M26,1.24861908879674,0.02386160272290553
2023Q3,BL7,M26,0.7214494446547705,0.013787183126923452
2021Q2,BL78,M26,13.072384262218064,0.010107943118699716
2021Q3,BL78,M26,5.687396577871898,0.004397658449252338
2021Q4,BL78,M26,15.354753013276033,0.011872736216028487
2022Q1,BL78,M26,7.118033364539898,0.005503867919008689
2022Q2,BL78,M26,14.416656014979152,0.01114737266272372
2019Q1,BL8,M26,2.8365381383985104,4.424863322177108
2019Q2,BL8,M26,4.1929442975465285,6.540791813439287
2019Q3,BL8,M26,3.8082765774420966,5.9407286368247885
2019Q4,BL8,M26,4.183345714875331,6.5258184852715075
2020Q1,BL8,M26,3.7657521665216023,5.874392597258782
2020Q2,BL8,M26,1.6037191839337115,2.5017249371681536
2020Q3,BL8,M26,2.9117929974653167,4.542257289560295
2020Q4,BL8,M26,2.178561565660387,3.398451456195815
2021Q1,BL8,M26,1.3903754558482968,2.1689189633501305
2021Q2,BL8,M26,3.3422472142105795,5.2137452028615305
2021Q3,BL8,M26,3.071247262947294,4.790998288789113
2021Q4,BL8,M26,2.7040135354635955,4.218131303709037
2022Q1,BL8,M26,2.0614690798519195,3.2157927995951465
2022Q2,BL8,M26,2.8930187846683846,4.5129704188909665
2022Q3,BL8,M26,2.5019717158420374,3.902955764523759
2022Q4,BL8,M26,2.378467731781124,3.7102954784461577
2023Q1,BL8,M26,1.3822468473173972,2.1562387242721464
2023Q2,BL8,M26,2.131049739420382,3.324335288162288
2023Q3,BL8,M26,2.495836164159233,3.8933845984480957
2019Q1,BL9,M26,3.1547121861859697,10.33040174289783
2019Q2,BL9,M26,4.423377113672818,14.484764361285643
2019Q3,BL9,M26,4.746559321104339,15.543054893633856
2019Q4,BL9,M26,5.274753193881347,17.272675404758953
2020Q1,BL9,M26,4.623766484647648,15.140958202435806
2020Q2,BL9,M26,1.2708954699765334,4.161666739544713
2020Q3,BL9,M26,2.187118695710675,7.161925859680338
2020Q4,BL9,M26,2.0340546306999183,6.660703183682808
2021Q1,BL9,M26,1.675104760008704,5.485288074171806
2021Q2,BL9,M26,2.607108886238599,8.537223237117194
2021Q3,BL9,M26,2.371498393646881,7.7656945208138755
2021Q4,BL9,M26,2.392741060161962,7.835255630113197
2022Q1,BL9,M26,1.9053325311858509,6.2391905629777
2022Q2,BL9,M26,2.2176051352332697,7.261756573036068
2022Q3,BL9,M26,1.7241173909348728,5.645784543599607
2022Q4,BL9,M26,1.944260897788589,6.366665160489963
2023Q1,BL9,M26,1.4193182136258626,4.647690972244818
2023Q2,BL9,M26,2.025463505908627,6.632570737589616
2023Q3,BL9,M26,2.165330568400067,7.090578587707451
2022Q3,BN11,M26,0.0035426734217638704,0.003445243148457585
2019Q4,BN21,M26,0.0020058984726247283,0.0033765933848047317
2019Q3,BN22,M26,0.0010091379266406859,0.002701581895502154
2021Q3,BN22,M26,0.0013309744741507128,0.0035631764973009135
2022Q3,BN22,M26,0.0006326974260614103,0.0016938060362752846
2022Q3,BR1,M26,0.00309203489669766,0.010374328242446051
2019Q3,BR2,M26,0.002778431764359301,0.008804131848701347
2023Q1,BR3,M26,0.000881982351980084,0.003387011053218977
2020Q3,BR5,M26,0.0011009645403434528,0.0024926942878113678
2021Q3,BR5,M26,0.0022351995819730372,0.005060716331848825
2021Q4,BR5,M26,0.002423289995715641,0.005486571918244011
2022Q3,BR5,M26,0.002181813405263908,0.004939844666273275
2022Q4,BR5,M26,0.0032948709469613623,0.007459918723634905
2023Q3,BR5,M26,0.0008658294018212571,0.0019603247198730868
2021Q3,BR7,M26,0.0015763481880796911,0.0017393499456247455
2021Q3,BS1,M26,0.0021901693516108087,0.004396456410589156
2022Q4,BS1,M26,0.0019426920248601012,0.0038996805430662157
2023Q1,BS1,M26,0.0029613444976530376,0.005944481868990725
2023Q3,BS1,M26,0.002819691256988364,0.005660132945222385
2019Q1,BS15,M26,0.000727852644197316,0.0029027898117337195
2019Q4,BS2,M26,0.00371045885242456,0.007957495950266633
2020Q1,BS2,M26,0.002848546289189316,0.00610902760599523
2023Q1,BS2,M26,0.004201481222715623,0.009010548599140036
2023Q3,BS2,M26,0.005156373226479064,0.011058421801648231
2019Q4,BS20,M26,0.0013377134113180926,0.002767560462125714
2019Q3,BS21,M26,0.002655639530769505,0.0046201691617925224
2020Q3,BS22,M26,0.002635340311345455,0.002093951351263516
2021Q3,BS35,M26,0.008475311650228173,0.002447484278090568
2020Q1,BS37,M26,0.0007380664494188963,0.0019816942961074385
2021Q2,BS4,M26,0.0006710788022061178,0.0016225518555188687
2023Q3,BS4,M26,0.0020134849850115643,0.004868256585888197
2019Q3,BS48,M26,0.001336842025365494,0.0024323920148750576
2021Q2,BS5,M26,0.002566812321273061,0.007795688190217151
2022Q3,BS5,M26,0.004624646584065703,0.014045554659581908
2019Q3,BS6,M26,0.003823888180817337,0.009766764478133148
2019Q4,BS6,M26,0.003264840659862305,0.008338876106124075
2022Q1,BS6,M26,0.0022082664680507912,0.005640232527354145
2022Q3,BS6,M26,0.0047680619754449744,0.012178321156179714
2023Q1,BS6,M26,0.0028119185662553448,0.007182047452662605
2023Q2,BS7,M26,0.004616874918378915,0.011663781828411969
2022Q1,BS8,M26,0.003943713446624999,0.008438044295836613
2022Q3,BS9,M26,0.0023919151335369685,0.0034581316741239287
2023Q3,BS9,M26,0.0013950374799761224,0.0020168873169683858
2023Q3,BT13,M26,0.0056501246745426035,0.0043117794647605364
2022Q3,BT34,M26,0.0014986036753581267,0.0021519163267991947
2020Q2,CA11,M26,0.0016183657281316215,0.00364017375167031
2023Q1,CA17,M26,0.030042947312910576,0.004578698827912735
2019Q2,CA7,M26,0.01625257308522411,0.008806068466547584
2020Q1,CB1,M26,0.0012007895056254279,0.00643805230007851
2021Q2,CB1,M26,0.001717228511836047,0.009206948360718873
2022Q2,CB1,M26,0.001587231311734264,0.008509966275850352
2022Q4,CB1,M26,0.002573451327453261,0.013797600795337695
2023Q1,CB1,M26,0.005280088442076051,0.028309279336531386
2023Q2,CB1,M26,0.004677719505473347,0.02507966856826356
2023Q3,CB1,M26,0.005335178756922289,0.02860464694804557
2019Q3,CB10,M26,0.0038393933132795173,0.0043359537978756475
2021Q3,CB10,M26,0.0034931152673745307,0.003944890552787015
2022Q2,CB10,M26,0.004756888217695803,0.005372111125538766
2022Q3,CB10,M26,0.0015619765339105554,0.0017639917382199824
2021Q4,CB2,M26,0.0025777960351197732,0.005340724560444562
2022Q1,CB2,M26,0.0020995943223715775,0.0043499775822794405
2022Q2,CB2,M26,0.0031085045280018872,0.006440256037627678
2022Q4,CB2,M26,0.0028643431655007018,0.005934398100205139
2022Q4,CB21,M26,0.02054667451608052,0.006253940044834426
2022Q3,CB23,M26,0.0034490442566350943,0.0044691797497116844
2023Q2,CB23,M26,0.00410356075384485,0.005317284806512508
2019Q4,CB3,M26,0.005041062956361162,0.0072456887218855315
2022Q2,CB3,M26,0.003810962009525482,0.005477623408195877
2023Q3,CB3,M26,0.0060962847687396175,0.00876239439511863
2019Q2,CB4,M26,0.003313416687611481,0.007432872853713305
2020Q1,CB4,M26,0.0014583867922634088,0.0032715485616277478
2020Q3,CB4,M26,0.00210839445931937,0.004729688239993575
2021Q3,CB4,M26,0.005648949159279693,0.012672091927044698
2021Q4,CB4,M26,0.0070869143687814625,0.015897829459620053
2022Q2,CB4,M26,0.004919190150797448,0.011035048827641909
2022Q3,CB4,M26,0.005004538077586981,0.011226506874716552
2023Q2,CB4,M26,0.0035037303590329948,0.007859796918920208
2023Q2,CB5,M26,0.004513039635967034,0.005831490234651591
2023Q3,CB5,M26,0.0039290381256556935,0.005076877073876053
2019Q2,CB6,M26,0.005960372666082636,0.005135576628594788
2021Q3,CB6,M26,0.004631780696432707,0.003990835141690872
2019Q4,CB8,M26,0.001656970517464625,0.004409545276032696
2022Q4,CF10,M26,0.0026674581366079647,0.0034741588562996924
2023Q3,CF10,M26,0.003402311473795904,0.004431248751895709
2022Q3,CF11,M26,0.001585726275086561,0.005020982276038078
2023Q1,CF11,M26,0.002163372104130755,0.006850017661921368
2023Q3,CF14,M26,0.0019645332887082228,0.008064277051512657
2019Q3,CF23,M26,0.0012250261020402974,0.0034634072882567843
2023Q2,CF24,M26,0.0059768834045208635,0.025358741877899046
2023Q3,CF24,M26,0.004840265706504163,0.02053629632106324
2020Q1,CF31,M26,0.00036221891814157046,0.0016415173544268554
2023Q1,CF37,M26,0.0011661905346080812,0.002488821052118892
2019Q1,CF83,M26,0.0008144851025485586,0.0026318636530375823
2023Q3,CF83,M26,0.0018528084265506054,0.00598702068168223
2020Q2,CH1,M26,0.004094379296463637,0.011841149311157087
2023Q3,CH1,M26,0.005683700240971158,0.016437544819388892
2020Q1,CH3,M26,0.016480891805126182,0.0166584528137115
2020Q2,CH3,M26,0.0030800298856424944,0.003113213357716349
2023Q3,CH3,M26,0.035817314009603564,0.036203200797500834
2023Q3,CH4,M26,0.005184293482795224,0.012012907280140686
2020Q2,CH42,M26,0.0017886821249562114,0.002529289687112695
2021Q1,CH42,M26,0.0022390758259649875,0.0031661698388221016
2023Q3,CH42,M26,0.013225480212478208,0.018701517861566968
2019Q1,CH45,M26,0.008183470752875248,0.0067995320380677135
2022Q3,CH45,M26,0.004837667335359596,0.004019550509755781
2020Q1,CH46,M26,0.0037119542311433054,0.002370954483201297
2019Q3,CH48,M26,0.005590385145445736,0.004181224709953797
2020Q1,CH49,M26,0.008570903681996337,0.013583704693216984
2020Q3,CH5,M26,0.003327157329203305,0.008495742151669362
2021Q1,CH5,M26,0.0005205711887894339,0.0013292544217023946
2021Q2,CH5,M26,0.005200376719719858,0.013278921112174548
2022Q1,CH5,M26,0.005352690540544257,0.013667847399639744
2022Q2,CH5,M26,0.00775785758139877,0.019809330049540896
2023Q1,CH5,M26,0.004797754592042725,0.012250844155525045
2023Q2,CH5,M26,0.019635249577051952,0.050137700440589836
2023Q2,CH65,M26,0.015074304040291888,0.0458942368398535
2020Q1,CH66,M26,0.008799863563599068,0.004125329912115822
2020Q1,CH7,M26,0.008397488569425637,0.022185693706726517
2021Q1,CH7,M26,0.0004030388062148141,0.001064805915802295
2019Q4,CM1,M26,0.001749842994338608,0.004548514301481713
2023Q3,CM1,M26,0.003533238005217712,0.009184243185969871
2019Q4,CM11,M26,0.0034548251824818217,0.0036975377078743983
2021Q4,CM11,M26,0.0024113705142262357,0.0025807770098523358
2022Q1,CM15,M26,0.0008562668710713829,0.0016403153157636733
2022Q4,CM18,M26,0.004156562390438399,0.003551089330743357
2023Q3,CM2,M26,0.0013664023722605636,0.008492136035679816
2020Q1,CM20,M26,0.0005920142256972906,0.002540441934709997
2021Q2,CM20,M26,0.0006136611366889559,0.0026333328114036933
2023Q3,CM20,M26,0.0028845637150201986,0.012378193473896631
2019Q3,CM3,M26,0.0012444589990258663,0.0026488257541735986
2019Q4,CM9,M26,0.0005746521082572786,0.0015850215372572886
2022Q3,CM9,M26,0.0012625156451309902,0.003482306007239039
2022Q4,CM9,M26,0.0008154564001775185,0.002249214678591226
2019Q2,CO1,M26,0.0038008941496946174,0.012853532985259488
2023Q2,CO1,M26,0.0009475181481880707,0.00320423439648954
2021Q4,CO3,M26,0.001991695044461437,0.006875727933328321
2022Q1,CO3,M26,0.002632528694415483,0.009088013312989559
2022Q3,CO3,M26,0.0010762128747643482,0.0037153011681192016
2022Q4,CO3,M26,0.0016706205177185838,0.005767314726022804
2023Q1,CO3,M26,0.0012362471897266105,0.0042677714937029215
2019Q3,CO4,M26,0.0015888730910123615,0.0038925350910128547
2021Q3,CO4,M26,0.002589997522956828,0.006345161423384814
2022Q1,CO4,M26,0.0027281438082808283,0.006683602086996357
2022Q3,CO4,M26,0.002381169841057229,0.005833560412349293
2023Q2,CO4,M26,0.002910666998203777,0.007130760469700161
2023Q3,CO4,M26,0.0037963242508600695,0.009300507036669892
2023Q3,CO5,M26,0.0011836053537146074,0.001794176264651004
2023Q3,CR2,M26,0.001906955936648114,0.003608319727095981
2021Q2,CR3,M26,0.0007745754466243548,0.001465819369825047
2021Q2,CR4,M26,0.0019359337903151746,0.004327806646936302
2023Q2,CR4,M26,0.002918134833806817,0.0065235306050159154
2020Q1,CR7,M26,0.003104842326485449,0.0063422231066525905
2022Q4,CR7,M26,0.001437083129634496,0.0029355119753425698
2023Q3,CR7,M26,0.003443467993184437,0.0070339295773882565
2022Q3,CR8,M26,0.0013497910825196926,0.0024182346706198
2022Q4,CR8,M26,0.0034201392018279684,0.006127392085571626
2021Q2,CT1,M26,0.00034964512778305155,0.0013899573741930993
2023Q2,CT1,M26,0.002230478561390315,0.008866904978889754
2023Q3,CT19,M26,0.0016543252398022786,0.00452026639289693
2023Q3,CT2,M26,0.002889085489334959,0.003976744577361346
2022Q4,CT6,M26,0.0009105954189184195,0.0016663594867992893
2019Q4,CV1,M26,0.009698760796869741,0.02577064045981617
2020Q1,CV1,M26,0.005880595037973104,0.015625367362632068
2020Q4,CV1,M26,0.003039659149885492,0.008076698117698875
2022Q1,CV1,M26,0.009589157642108069,0.0254794132036974
2022Q3,CV1,M26,0.015789413887467945,0.04195415444171921
2022Q4,CV1,M26,0.01136419593868058,0.030195879018395967
2023Q3,CV1,M26,0.015550176916549262,0.04131847632867298
2020Q4,CV10,M26,0.0011616894177835786,0.0017888338705924164
2021Q3,CV10,M26,0.005829393667063616,0.008976424057090805
2023Q3,CV10,M26,0.008127489158823411,0.012515159101573678
2019Q4,CV2,M26,0.010553825127699793,0.03866758039680168
2022Q4,CV2,M26,0.003825299105444862,0.014015303353225152
2023Q1,CV2,M26,0.01059268452215648,0.03880995519846305
2023Q2,CV2,M26,0.005399068127475,0.01978134926065904
2023Q3,CV2,M26,0.006391112743557835,0.0234160470584193
2020Q1,CV21,M26,0.0040038916749385355,0.011261900235354696
2020Q2,CV21,M26,0.0008922703533374842,0.002509723168873117
2021Q2,CV21,M26,0.004333050213033125,0.012187737125707974
2023Q2,CV21,M26,0.0076916116640861265,0.02163449219973171
2023Q3,CV21,M26,0.005419102446630855,0.015242518048408519
2023Q3,CV22,M26,0.004733547409244939,0.012106465956091706
2021Q3,CV23,M26,0.01906131579778528,0.004052940472621956
2023Q3,CV23,M26,0.0096454510465437,0.0020508782991661514
2019Q1,CV3,M26,0.0044146140438112574,0.008386289853394045
2019Q3,CV3,M26,0.004059985346205984,0.007712613962606112
2020Q4,CV3,M26,0.0010175537550438415,0.001933011730248556
2023Q2,CV3,M26,0.008520263810932115,0.016185650939526473
2019Q1,CV34,M26,0.0027055829423488107,0.005770720502235154
2019Q4,CV34,M26,0.002540675573666061,0.005418990633402875
2019Q1,CV35,M26,0.008053828701229874,0.0057146921445457135
2019Q3,CV35,M26,0.01163478258090379,0.008255601538735837
2021Q2,CV4,M26,0.0015002647005140828,0.0024954322647663947
2022Q3,CV4,M26,0.003117521783208053,0.005185461233116852
2022Q4,CV4,M26,0.0022751284534556853,0.003784284831400717
2023Q3,CV47,M26,0.00845906265230163,0.003972337102263012
2019Q1,CV5,M26,0.0033404130823668017,0.009414032910414885
2019Q2,CV5,M26,0.0053173255186039,0.014985415334338975
2020Q1,CV5,M26,0.004307223236041303,0.012138720660220429
2023Q3,CV5,M26,0.00947000509585583,0.02668859731893303
2022Q1,CV6,M26,0.006089818020441285,0.027044200423457787
2023Q3,CV6,M26,0.0083635656191346,0.03714165909381752
2023Q2,CV7,M26,0.004808589113248393,0.003829361281270053
2023Q3,CV7,M26,0.003757530467111021,0.0029923416921407986
2019Q1,CV8,M26,0.00350151725013454,0.005354948684625552
2023Q3,CV8,M26,0.004338994171124343,0.006635720880246262
2021Q1,CW1,M26,0.0008498798823859121,0.0027077256486695302
2020Q2,CW10,M26,0.00937995847121665,0.006772352608294647
2020Q2,CW11,M26,0.004896180787801076,0.007217707933003678
2021Q1,CW12,M26,0.001051788888350713,0.0021385603416527246
2020Q2,CW5,M26,0.002803037728813237,0.006259816678298872
2019Q1,CW6,M26,0.015428999378546587,0.006366530999619166
2019Q2,CW6,M26,0.01453808050656854,0.005998907508462588
2020Q1,CW6,M26,0.016224919271805086,0.006694954674370855
2020Q2,CW7,M26,0.011030637941318816,0.018899987800843503
2020Q2,CW9,M26,0.014133121897474425,0.0361401605476095
2022Q3,DA1,M26,0.0040730704597476365,0.0154109370211055
2022Q4,DA1,M26,0.00895052874038775,0.03386536915746278
2023Q2,DA1,M26,0.002720057492950131,0.010291654694389406
2020Q3,DA11,M26,0.0006049205357016501,0.002858781840676102
2021Q4,DA11,M26,0.0018525188000175345,0.00875478148358514
2022Q2,DA11,M26,0.0015677430856585127,0.007408965640301124
2022Q3,DA11,M26,0.0015007071114155118,0.007092161672626864
2023Q3,DA14,M26,0.0007638534998517914,0.0010554567261997663
2021Q3,DA7,M26,0.0028189298422820297,0.00817867106429217
2022Q4,DA7,M26,0.0009917996513809904,0.002877546999806892
2023Q1,DA7,M26,0.0015437226924685922,0.0044788628389428745
2023Q3,DD1,M26,0.0008912893514014356,0.0017107013574855685
2023Q1,DE1,M26,0.008460938028274708,0.02073763779714627
2023Q3,DE1,M26,0.006446275876503046,0.015799729748719234
2023Q3,DE14,M26,0.004885732449760813,0.018715341306193563
2023Q1,DE15,M26,0.004833793114074653,0.003379932381091349
2020Q4,DE22,M26,0.0034647366226348013,0.006472243622053473
2021Q2,DE23,M26,0.014704706148816778,0.04400436494162804
2023Q1,DE23,M26,0.011493975047959334,0.034396136007183484
2023Q3,DE23,M26,0.01948638114911098,0.05831370030785271
2020Q4,DE45,M26,0.04928357088540322,0.004857037558365163
2023Q1,DE6,M26,0.008503970734106883,0.010102734284492593
2022Q2,DE65,M26,0.0033107313356076145,0.0017288654972847676
2022Q3,DE65,M26,0.0021582607575051068,0.0011270448065848436
2020Q3,DE7,M26,0.006503561836442884,0.017223811664961564
2021Q4,DE72,M26,0.03011413642750555,0.008012856508698752
2023Q3,DE73,M26,0.04264329324174894,0.004599066705261101
2021Q4,DG7,M26,0.005108789031329275,0.0027178094174551146
2019Q3,DH1,M26,0.004424533651057661,0.020501904659311083
2020Q1,DH1,M26,0.003718670888444749,0.017231157456792122
2022Q4,DH2,M26,0.007911369776423269,0.011188241977271916
2023Q2,DH2,M26,0.008412763029851202,0.011897311228697992
2023Q3,DH2,M26,0.008730608009020858,0.012346806908802428
2023Q3,DH5,M26,0.005927544543140356,0.0020658370025301975
2019Q4,DH6,M26,0.004130236107434009,0.0023105186504135213
2020Q3,DH7,M26,0.006545173340311526,0.0043522480997543415
2020Q2,DH8,M26,0.01842342527874831,0.04391875307683917
2020Q3,DH8,M26,0.05877427986283248,0.14010929268089686
2021Q2,DH8,M26,0.06253547520213319,0.14907543262942485
2021Q3,DH8,M26,0.03782026126811168,0.09015797501302596
2021Q4,DH8,M26,0.02596859087699201,0.06190532505351561
2022Q1,DH8,M26,0.0320714849650476,0.0764537325538621
2022Q3,DH8,M26,0.001686800751956243,0.004021086448047626
2023Q1,DH8,M26,0.002863645000630667,0.006826511128063581
2019Q2,DH9,M26,0.003787018600196169,0.006593649527034883
2021Q3,DH9,M26,0.007201115379294801,0.01253799783617414
2022Q1,DH9,M26,0.003133187654577565,0.005455252133075539
2020Q1,DL10,M26,0.002854337424516701,0.001005572121677702
2020Q3,DL10,M26,0.018451022461655368,0.006500224410935327
2020Q4,DL10,M26,0.004226724391809894,0.0014890587839799046
2021Q2,DL10,M26,0.011203909404534735,0.003947094290336183
2023Q3,DL10,M26,0.014456125315839894,0.005092837476126085
2023Q3,DL12,M26,0.005612002851448489,0.0027550058360880326
2020Q1,DL16,M26,0.0033814418068574548,0.004705647466729929
2022Q1,DL17,M26,0.007966772443399347,0.0023706205835726355
2019Q3,DL2,M26,0.013643567954501577,0.005741470894764384
2020Q1,DL2,M26,0.00911406716212535,0.003835371474585965
2020Q1,DL3,M26,0.006397835217511851,0.018092217819185026
2020Q4,DL6,M26,0.0041609619637727,0.004738703529967441
2021Q1,DL6,M26,0.006581133653890943,0.007494911404718656
2021Q3,DL6,M26,0.007743048272156955,0.008818155633105139
2022Q1,DL6,M26,0.0032938212433630226,0.0037511619882374734
2022Q2,DL6,M26,0.005913362587889767,0.006734421610478673
2023Q2,DL6,M26,0.0074290410664635655,0.008460549130808414
2019Q2,DL7,M26,0.006525737974109222,0.00612124833240425
2020Q4,DL7,M26,0.03411305800992817,0.03199860311354071
2021Q1,DL7,M26,0.029790876997457003,0.02794432704240411
2021Q2,DL7,M26,0.038454745826725034,0.03607117688432798
2021Q3,DL7,M26,0.03465099017593157,0.03250319223237433
2021Q4,DL7,M26,0.04562036393689018,0.04279264318921458
2022Q1,DL7,M26,0.02795026050462325,0.02621779884251997
2022Q2,DL7,M26,0.04108766606167786,0.03854089887768742
2022Q3,DL7,M26,0.030175104088499924,0.0283047383015816
2022Q4,DL7,M26,0.035628750944577764,0.033420347732382415
2019Q1,DL8,M26,0.01015984583382349,0.006800533736953698
2021Q2,DL8,M26,0.022892302112690163,0.01532305463884173
2022Q1,DL8,M26,0.04327215371589757,0.02896439040796573
2023Q2,DL8,M26,0.023264335943046402,0.01557207698189766
2020Q4,DN1,M26,0.007239380739583649,0.008198905381789074
2021Q1,DN1,M26,0.002165475525646178,0.0024524927725204943
2021Q2,DN1,M26,0.01314604322646056,0.01488845088217561
2021Q3,DN1,M26,0.01886549305727412,0.021365970118361936
2022Q1,DN1,M26,0.011075264874243594,0.012543206670381264
2022Q2,DN1,M26,0.019378013500267084,0.021946421232827508
2022Q3,DN1,M26,0.020013475167792987,0.022666108492445027
2023Q1,DN1,M26,0.017639618688909682,0.01997761546238641
2023Q2,DN1,M26,0.01597086108914624,0.018087676784235226
2019Q1,DN12,M26,0.003988712371015591,0.0029177485150977656
2022Q1,DN12,M26,0.0048104280180793855,0.0035188346266146328
2023Q2,DN12,M26,0.004902267362701781,0.003586015231901376
2021Q2,DN14,M26,0.016319973919204492,0.03234612584705185
2021Q3,DN14,M26,0.00874171805655937,0.01732605173125779
2023Q3,DN14,M26,0.008405998346728739,0.01666065655126067
2021Q3,DN15,M26,0.023324792935097174,0.051458273471947036
2022Q1,DN15,M26,0.01452940888732394,0.03205423079167576
2023Q1,DN15,M26,0.012660101836384793,0.027930236478074584
2023Q1,DN16,M26,0.004782431832556136,0.008049785807628737
2023Q3,DN16,M26,0.009140942673832366,0.015386028108807334
2023Q3,DN2,M26,0.009940267397709344,0.02190642005731383
2019Q1,DN20,M26,0.004764752306269436,0.004095078605759067
2021Q4,DN20,M26,0.008942632459490162,0.00768576843246171
2022Q2,DN20,M26,0.008565085552080695,0.007361284773328226
2019Q1,DN21,M26,0.003758569870385346,0.007135368284575694
2020Q3,DN21,M26,0.003146851182835616,0.005974065376090154
2021Q2,DN22,M26,0.011486682771192443,0.02412358037155353
2022Q1,DN22,M26,0.009432981925604373,0.01981053208820408
2022Q2,DN22,M26,0.01421526279720292,0.02985396579864635
2023Q3,DN22,M26,0.004612543542862457,0.009686962466882993
2020Q2,DN3,M26,0.001089072967088668,0.0017916386274731753
2019Q3,DN33,M26,0.019998085652714298,0.005771722201121139
2022Q1,DN37,M26,0.009369214720035523,0.002973910432638671
2020Q1,DN4,M26,0.0129369729847962,0.038481197624082704
2020Q3,DN5,M26,0.012874347780730235,0.02558859838226979
2021Q1,DN5,M26,0.001510470796419702,0.003002158341223454
2021Q2,DN5,M26,0.009717767549997196,0.01931469113964139
2023Q1,DN5,M26,0.006147282840638515,0.012218121991916192
2019Q4,DN6,M26,0.024237566954347287,0.01367345691340126
2020Q1,DN6,M26,0.002816829674856892,0.0015890951127269619
2022Q2,DN6,M26,0.0039948885471117156,0.002253688933615293
2022Q2,DN7,M26,0.012856704686828906,0.0047931291694393065
2023Q3,DN7,M26,0.007973933345020907,0.002972775173901221
2019Q4,DT1,M26,0.0018397931301472282,0.003770728506477051
2021Q3,DT1,M26,0.0018655336166931648,0.0038234846478056063
2020Q1,DT4,M26,0.0015032248632890401,0.0034893178994409354
2023Q1,DT4,M26,0.0011180038929833954,0.0025951346938847906
2019Q1,DY1,M26,0.003428572212227696,0.0045164599371301855
2021Q2,DY1,M26,0.005197050767106498,0.006846077646303159
2022Q1,DY1,M26,0.006409765228617485,0.008443587029672399
2019Q1,DY10,M26,0.0010789598960089248,0.003452856059991073
2020Q3,DY11,M26,0.0011683876550962887,0.0024287191189597784
2022Q2,DY11,M26,0.0017289849929782827,0.0035940288229892588
2022Q3,DY11,M26,0.0019133235330795367,0.0039772120368414725
2023Q3,DY11,M26,0.001939988048291116,0.0040326393751993215
2022Q1,DY2,M26,0.002158542974525968,0.003129040200114916
2022Q3,DY2,M26,0.002205992591731059,0.0031978235236192346
2023Q1,DY2,M26,0.003321196798819257,0.004814431965747924
2023Q3,DY2,M26,0.00672867819280855,0.009753942732392535
2020Q3,DY3,M26,0.003173340804222109,0.003022860118200482
2022Q3,DY3,M26,0.0072560744620731935,0.006911989433000987
2023Q3,DY3,M26,0.004305034362357521,0.004100888459297782
2020Q1,DY4,M26,0.004668722433661395,0.009292293105804813
2021Q3,DY4,M26,0.003847263761288585,0.007657320184099728
2023Q2,DY4,M26,0.0061343499191243355,0.012209373821645254
2023Q3,DY4,M26,0.003121865056199332,0.0062135381897663565
2022Q1,DY5,M26,0.00048660719075561796,0.0022136209781758844
2022Q2,DY5,M26,0.0017265248256048552,0.007854120625232957
2023Q3,DY5,M26,0.003116617178730609,0.014177778912531957
2023Q3,DY6,M26,0.002373698440259468,0.0024869512141983863
2021Q4,DY8,M26,0.004396917926189666,0.004513788740100892
2023Q3,DY8,M26,0.0021384820674866713,0.0021953232785252206
2023Q1,DY9,M26,0.004761267312090526,0.004418694125858028
2023Q3,DY9,M26,0.0035311581248672827,0.0032770912954635323
2022Q1,E1,M26,0.0010322969100071751,0.006710380837215028
2022Q4,E1,M26,0.0015856290109854947,0.010307281197010777
2023Q1,E1,M26,0.00156753800378519,0.010189681747796109
2020Q1,E10,M26,0.001475865079582234,0.0060246177798695425
2022Q3,E10,M26,0.002789184763328596,0.01138571021766247
2019Q3,E11,M26,0.0016604314363346567,0.00358815218952481
2020Q1,E11,M26,0.002231605511594255,0.004822445556835807
2021Q3,E12,M26,0.00887486478591841,0.006068625750927159
2023Q2,E12,M26,0.006483558715514028,0.004433452489444877
2023Q3,E12,M26,0.00889205296971287,0.006080379017856053
2019Q3,E13,M26,0.0033285644323453496,0.00669595637325684
2022Q3,E13,M26,0.0009780971430314788,0.001967603731777913
2023Q2,E13,M26,0.0047750952159319885,0.009605891637043921
2020Q4,E14,M26,0.0004836897217112926,0.003783016012811803
2021Q4,E14,M26,0.0012169984837274385,0.009518343154408812
2022Q3,E14,M26,0.001154676972689808,0.0090309164764884
2023Q1,E14,M26,0.002902898244568666,0.022704039490261004
2023Q3,E14,M26,0.001975785720731431,0.01545294159439115
2021Q2,E15,M26,0.0024934313203516505,0.006221284661151308
2022Q3,E15,M26,0.005186126240063742,0.012939745869379949
2022Q4,E15,M26,0.002496268384358663,0.006228363333278936
2023Q3,E15,M26,0.003751240971385085,0.00935960727094302
2022Q3,E16,M26,0.0017574200488948387,0.0031694420551829873
2023Q1,E16,M26,0.003166807164653785,0.005711219588407632
2020Q2,E17,M26,0.0010103878422488169,0.005315414968592003
2023Q3,E17,M26,0.0037344846583063007,0.0196462534709025
2022Q4,E1W,M26,0.003002791899464285,0.0036926627732959357
2023Q2,E2,M26,0.00180882906713488,0.00803329116597285
2023Q3,E2,M26,0.0030497253534751767,0.0135443045370349
2019Q4,E20,M26,0.00255340965171717,0.0016773781745451268
2022Q2,E20,M26,0.002936654909579011,0.00192913849455608
2023Q1,E3,M26,0.002258955783082417,0.00917449331681295
2020Q1,E4,M26,0.002728708932368328,0.0093428455095842
2022Q2,E4,M26,0.0022667563855462425,0.00776116296861353
2022Q4,E4,M26,0.0024536828457000478,0.008401181776832356
2020Q1,E5,M26,0.002247157876296072,0.0032804302917501496
2022Q4,E5,M26,0.0087312671297992,0.012746017304830408
2022Q3,E6,M26,0.0010155688239998446,0.0024762664260812106
2023Q2,E6,M26,0.0015360475039516539,0.0037453521346987595
2021Q3,E7,M26,0.002367905093883271,0.002702917494016801
2022Q4,E7,M26,0.004714866147652639,0.005381927774621421
2020Q3,E8,M26,0.002247727803031175,0.00918671404322197
2022Q1,E8,M26,0.0010114423821922325,0.004133877742609562
2022Q3,E8,M26,0.003156707377625593,0.012901814871563977
2020Q1,E9,M26,0.0012616696099990846,0.0033639051989155853
2019Q3,EC1A,M26,0.0045111585644095845,0.0015790113439413775
2019Q4,EC1R,M26,0.003124995038594353,0.0036606084089444092
2023Q3,EC1V,M26,0.0007163102774175045,0.0017161105314698886
2019Q3,EH10,M26,0.0010972032325734168,0.002126807074723832
2022Q4,EH10,M26,0.0018969199695027922,0.0036769694907488335
2020Q1,EH14,M26,0.0014648605258247651,0.002805691799718885
2023Q3,EH16,M26,0.0027393651975965985,0.004207068541212215
2020Q4,EH3,M26,0.0010987924082401378,0.0028339397083036685
2022Q1,EH3,M26,0.0015772566001450675,0.004067965955911734
2019Q4,EH48,M26,0.01264075517809545,0.03530935149157335
2023Q3,EH9,M26,0.007243363429749221,0.00913916673610054
2020Q1,EN1,M26,0.0014515645831118305,0.004431515871598639
2021Q4,EN1,M26,0.0026499365795823195,0.008090054102845344
2022Q1,EN2,M26,0.002955832037614271,0.0029010535336646786
2022Q3,EN2,M26,0.003806275033750286,0.0037357358253933006
2023Q2,EN2,M26,0.0032039771377749275,0.0031445999228105533
2019Q2,EN3,M26,0.0022267214782850774,0.004554524494797625
2022Q1,EN3,M26,0.0033701192216213684,0.006893224273870197
2022Q4,EN4,M26,0.008252736578527941,0.006119712394112406
2023Q3,EN4,M26,0.00486248645592577,0.0036057153099924187
2021Q3,EN5,M26,0.002568462810714045,0.005485904118986688
2022Q3,EN5,M26,0.0038080934029207725,0.008133594614422836
2022Q4,EN5,M26,0.0032639728622586035,0.006971423566902777
2023Q1,EN5,M26,0.0020710535317739515,0.004423502280510757
2022Q4,EN7,M26,0.0033892501135362944,0.0027594133111863675
2022Q4,EN8,M26,0.0026539688441412877,0.006490140642149742
2019Q3,EN9,M26,0.0011907328914519955,0.001917852687107313
2022Q3,EX1,M26,0.001080773557620459,0.003542808619952547
2021Q2,EX2,M26,0.0005771778466047941,0.0024862834149410626
2019Q3,EX31,M26,0.0011703462991299205,0.0038475922009949854
2022Q3,EX31,M26,0.0006034953580107946,0.00198403159350807
2023Q1,EX4,M26,0.0013755279294242776,0.0031069360446975085
2023Q3,EX4,M26,0.0013085624106677813,0.0029556795129137394
2021Q1,FY1,M26,0.001970586685055057,0.002418501790322729
2020Q4,FY2,M26,0.035835217047354345,0.012166501109325087
2020Q2,FY3,M26,0.004454263705710601,0.009841624774879109
2021Q1,FY3,M26,0.001362507686928725,0.003010439052014265
2023Q3,FY3,M26,0.037454121300161014,0.0827542849868577
2020Q2,FY4,M26,0.002610544770844234,0.009295031082759841
2019Q2,FY5,M26,0.03933842073019245,0.004149904924785325
2020Q1,FY5,M26,0.02516549857116764,0.002654769167563777
2019Q1,FY6,M26,0.03988525872640265,0.027409887296768132
2020Q2,FY6,M26,0.006938920041311226,0.004768554156769802
2021Q1,FY6,M26,0.0051395448763419645,0.0035319902719839064
2023Q3,FY6,M26,0.02154770466089424,0.014807981071668124
2020Q2,FY8,M26,0.003773424990325157,0.007304588616381462
2020Q4,FY8,M26,0.020155808421073385,0.039017573987564926
2021Q1,FY8,M26,0.0014794883808276881,0.002863990674883225
2023Q3,G1,M26,0.0021633717762543784,0.0018164139799198762
2022Q3,G11,M26,0.001322007453840798,0.0016550736793505224
2022Q4,G3,M26,0.0029661014419731717,0.005868285973730114
2023Q1,G3,M26,0.003027398058970307,0.00598955831886006
2023Q1,G4,M26,0.002657472319572689,0.0034712205395674685
2022Q4,G40,M26,0.006794300388566291,0.003994374477754686
2022Q1,G46,M26,0.0032434632421167644,0.004606078597462997
2023Q3,G52,M26,0.0013348809695241568,0.0020532155965667827
2023Q3,G73,M26,0.0016190563396184766,0.002563948468567784
2023Q3,GL1,M26,0.007699404042508342,0.029629852367888582
2023Q3,GL20,M26,0.0020891253516033253,0.0033086114204092013
2022Q1,GL50,M26,0.0010824956745423108,0.0034902528184011885
2023Q1,GL50,M26,0.0010312135681581768,0.003324905722287893
2023Q3,GL50,M26,0.0025842784902964182,0.008332398453328038
2019Q3,GL54,M26,0.01016584838539733,0.009847367848492094
2019Q4,GL54,M26,0.01172622958948714,0.011358864687518068
2020Q1,GL54,M26,0.0074647219403393295,0.007230863578372952
2020Q2,GL54,M26,0.008858475885867459,0.008580953336903839
2021Q2,GL54,M26,0.12408284526425485,0.12019551882751055
2022Q1,GL54,M26,0.07577362518644637,0.07339975299027035
2022Q3,GL54,M26,0.12838385536237076,0.1243617848341003
2023Q1,GL54,M26,0.04282630773691997,0.04148462478389507
2019Q1,GL56,M26,0.0012215407130418527,0.0009206948360718873
2023Q3,GL6,M26,0.00047908606809548096,0.000885568595136672
2019Q2,GL7,M26,0.0010225087384563658,0.003339396966171813
2020Q1,GL7,M26,0.0016256551660500033,0.0053092044354988936
2020Q2,GL7,M26,0.001188994083185233,0.0038831191214845936
2020Q3,GL7,M26,0.005345668159888537,0.017458342764133567
2020Q4,GL7,M26,0.008413255718420764,0.027476734002426208
2021Q1,GL7,M26,0.0022768741858147984,0.007436011510222725
2021Q2,GL7,M26,0.014773826064537818,0.04824963160035916
2021Q4,GL7,M26,0.0036799968037581616,0.012018450013976473
2022Q2,GL7,M26,0.016558953006999076,0.054079652676644635
2022Q3,GL7,M26,0.0064778175785753355,0.021155813692082238
2022Q4,GL7,M26,0.007898095834473444,0.025794280553525426
2023Q1,GL7,M26,0.004964420401049219,0.016213231048853936
2023Q3,GL7,M26,0.013619797584335435,0.04448070615187688
2021Q4,GU1,M26,0.0015250284219300743,0.00556243391387596
2023Q2,GU1,M26,0.0013076667864759194,0.004769622635581518
2019Q3,GU11,M26,0.003082392073200121,0.010127042177459168
2020Q1,GU11,M26,0.0010106273493325543,0.003320364687338094
2021Q3,GU11,M26,0.0021791671275576212,0.007159542617690802
2022Q1,GU11,M26,0.0015737582339337974,0.005170502529752806
2022Q2,GU11,M26,0.0023814714659238434,0.007824203218504867
2023Q2,GU14,M26,0.0019523342163280512,0.008691140214362212
2019Q4,GU15,M26,0.0016603636514322178,0.004142759472731964
2020Q1,GU15,M26,0.0010746489350104199,0.0026813475780052523
2021Q3,GU15,M26,0.002603732624641828,0.006496551515020048
2022Q1,GU15,M26,0.0014005337086876186,0.003494459953722326
2023Q1,GU15,M26,0.0012360122152748605,0.003083963750245581
2022Q2,GU21,M26,0.0027453678212624693,0.01220069243130005
2023Q1,GU21,M26,0.001292065966673527,0.005742071914095976
2023Q3,GU21,M26,0.0024558494752730657,0.010914043602214894
2019Q3,GU22,M26,0.0019320316385998163,0.0027112649847333445
2020Q1,GU22,M26,0.003104003934053912,0.0043559209956696215
2022Q2,GU22,M26,0.002723403218646982,0.003821815149662298
2023Q2,GU22,M26,0.0030509920314578482,0.0042815281584037855
2022Q4,GU34,M26,0.0007455061126301277,0.001701018268254378
2021Q3,GU47,M26,0.0019944827209488697,0.0025238137332026424
2019Q4,GU51,M26,0.0010042443040496108,0.002260634045891457
2022Q2,GU51,M26,0.0015007003015762039,0.0033781961030223077
2022Q1,GU9,M26,0.0006561034255138719,0.001834644899644807
2020Q1,HA0,M26,0.0012689826429522447,0.002081129605522905
2021Q2,HA0,M26,0.0023654367446970487,0.00387931266571785
2022Q1,HA0,M26,0.003865543296049915,0.006339485129697564
2022Q4,HA0,M26,0.0021872481923430826,0.003587083710713093
2023Q2,HA0,M26,0.003977644092354868,0.006523330265238721
2023Q3,HA0,M26,0.00474817927887089,0.007787006799871948
2019Q2,HA1,M26,0.011658716476006518,0.03780498409611694
2023Q1,HA1,M26,0.002873279372315205,0.00931700167832578
2023Q3,HA1,M26,0.002885038733269289,0.009355133015918955
2020Q1,HA2,M26,0.0292754426306716,0.07879076283479136
2021Q3,HA2,M26,0.017933431519415625,0.04826532488290626
2023Q2,HA2,M26,0.002193715982886321,0.005904080013922653
2020Q3,HA3,M26,0.0036171881657982774,0.006586904754535915
2020Q4,HA3,M26,0.004773569146698933,0.008692676152654058
2021Q3,HA3,M26,0.0052649017944681594,0.009587393597616059
2022Q2,HA3,M26,0.0020050831355000872,0.0036512592193418797
2022Q4,HA3,M26,0.003080345455640516,0.005609313421740067
2020Q4,HA4,M26,0.002082518998233425,0.006173336674475481
2021Q2,HA4,M26,0.003392138541555276,0.010055520876999822
2021Q3,HA4,M26,0.003579748400790567,0.01061166409849882
2023Q3,HA4,M26,0.002424938529978912,0.007188391545607176
2019Q1,HA5,M26,0.0023916120008777198,0.0047369672518984005
2019Q3,HA5,M26,0.004139214347305313,0.008198371142383214
2022Q1,HA5,M26,0.002214906352012576,0.004386973661135162
2023Q3,HA5,M26,0.003110943238912036,0.006161716967398053
2020Q1,HA6,M26,0.0030659608026026193,0.0018188180572462406
2022Q3,HA8,M26,0.0038590331471651147,0.010806594701711546
2023Q1,HA8,M26,0.0018740959126545636,0.005248100803453795
2023Q3,HA8,M26,0.0030982629557172363,0.008676181510998167
2019Q2,HA9,M26,0.0032288878731156828,0.0070038786108086995
2019Q4,HA9,M26,0.003199702273347246,0.0069405712412144325
2020Q1,HA9,M26,0.0026727913661354326,0.0057976328123052895
2022Q2,HA9,M26,0.003108050869855013,0.006741767402309231
2022Q4,HA9,M26,0.0035563330620788642,0.007714149900897956
2023Q2,HA9,M26,0.004094511827429124,0.008881529782625137
2023Q3,HA9,M26,0.006996847320013359,0.015177073721190816
2021Q1,HD1,M26,0.003162337206912437,0.012033675837043449
2019Q3,HD3,M26,0.03820480037992415,0.02993997834298961
2020Q1,HD3,M26,0.040381428763207314,0.03164573798597098
2021Q1,HD3,M26,0.005514386561446168,0.004321462553991728
2021Q1,HD4,M26,0.0026240501541463087,0.002868264590130095
2023Q1,HD4,M26,0.020268864505840374,0.02215524206059256
2020Q2,HD5,M26,0.004802443568135514,0.012670422428901387
2020Q1,HD6,M26,0.0280345118443738,0.040612879633385
2021Q1,HD6,M26,0.006056765564562153,0.008774281221898987
2023Q1,HD6,M26,0.027241638910074882,0.0394642649107886
2020Q2,HD7,M26,0.10986052144302252,0.013329940975434062
2020Q1,HD8,M26,0.005765739964227888,0.0045246070880695325
2023Q1,HD8,M26,0.007216748497008973,0.005663271601731805
2019Q4,HD9,M26,0.08328955983672566,0.0338571552265977
2020Q1,HD9,M26,0.08395768865797072,0.034128749184551166
2020Q2,HD9,M26,0.019614599673026086,0.0079733227926652
2020Q1,HG1,M26,0.0059034970703279255,0.018314194292319348
2020Q3,HG1,M26,0.003097254916079275,0.009608496054147484
2020Q4,HG1,M26,0.0031666554001492453,0.009823794534708576
2021Q2,HG1,M26,0.0050812175756043505,0.015763267909269373
2021Q3,HG1,M26,0.006315444050367327,0.019592161731059297
2023Q1,HG1,M26,0.005958195156562974,0.018483882083605244
2023Q3,HG1,M26,0.006873553960566498,0.02132356486552189
2020Q1,HG2,M26,0.0032384440672226732,0.009251023111702221
2021Q2,HG2,M26,0.0050037736257032926,0.014293909203380509
2022Q2,HG3,M26,0.010903858851888243,0.0027944059922701183
2022Q4,HG3,M26,0.013811120250156069,0.0035394696236659287
2023Q2,HG3,M26,0.0210637693940109,0.005398155296574381
2023Q3,HG3,M26,0.01673974899042066,0.004290009208971792
2019Q3,HG4,M26,0.009960310411125444,0.01666900404197721
2020Q1,HG4,M26,0.003934628072395099,0.006584767796912481
2020Q3,HG4,M26,0.004127281355563364,0.006907181278348258
2021Q2,HG4,M26,0.005340103204903925,0.008936890341057255
2021Q4,HG4,M26,0.011957871172393737,0.020012007124138573
2023Q1,HG4,M26,0.005115048416778611,0.00856025155992681
2023Q3,HG4,M26,0.0073944065031782795,0.012374854477610015
2019Q1,HG5,M26,0.0044805053422168435,0.0021947222591936297
2019Q2,HG5,M26,0.009584586872941215,0.004694895898687021
2019Q3,HG5,M26,0.010708087390975871,0.005245229266647304
2021Q4,HG5,M26,0.005018602241219731,0.002458302626059209
2022Q3,HG5,M26,0.005933789594400978,0.002906596267500464
2022Q4,HG5,M26,0.007493548049301417,0.0036706253978042607
2023Q3,HG5,M26,0.0031827743106464155,0.0015590441461474055
2019Q3,HP10,M26,0.0016485099392077518,0.002192985981124589
2023Q3,HP10,M26,0.0024142068880410247,0.0032115801883200986
2019Q2,HP11,M26,0.003308755875746848,0.008721792200273361
2020Q1,HP11,M26,0.0015737776023679792,0.004148435766419214
2021Q3,HP11,M26,0.0030906548893044864,0.008146883819643574
2023Q1,HP11,M26,0.0011739046821674644,0.003094381418659827
2019Q3,HP12,M26,0.003798367605696814,0.0025258839109003448
2020Q1,HP13,M26,0.0018981468291539608,0.0048684569256653935
2020Q3,HP13,M26,0.0023696697990725954,0.006077841380678224
2020Q4,HP13,M26,0.0016843862779097865,0.004320193735402813
2021Q3,HP13,M26,0.003066539610771781,0.007865206092904527
2022Q1,HP13,M26,0.0005090417219701396,0.0013056143279931436
2019Q4,HP17,M26,0.01728973617412959,0.008587163869996948
2020Q1,HP17,M26,0.01552404225444229,0.007710209885279747
2021Q3,HP17,M26,0.011281375033774231,0.005603036108721226
2021Q4,HP17,M26,0.00950210092174088,0.00471933735150506
2022Q1,HP17,M26,0.00771059119086108,0.003829561621047251
2021Q3,HP18,M26,0.028825336542633882,0.00643037260861929
2019Q3,HP19,M26,0.004802636020927904,0.0032881767631351023
2023Q3,HP19,M26,0.008057063476284035,0.005516355765120638
2023Q3,HP2,M26,0.0012210976892360445,0.0033626363803266703
2019Q3,HP21,M26,0.002160920293876726,0.007330232107862684
2023Q3,HP21,M26,0.0015671972701717133,0.0053162163277007905
2022Q1,HP22,M26,0.0024823493872535673,0.0011225705515607765
2022Q2,HP22,M26,0.005564538346846454,0.002516401161446352
2022Q3,HP22,M26,0.005442562106877898,0.002461240942791432
2022Q1,HP27,M26,0.0017326827480097912,0.0014489240486147631
2022Q1,HP3,M26,0.002228252241359505,0.005376117921082706
2023Q3,HP3,M26,0.0018811646926774573,0.004538697652399058
2019Q3,HP4,M26,0.0029159273214361173,0.004787452875752054
2023Q3,HP6,M26,0.0031574356704885263,0.003274353318508506
2019Q3,HR9,M26,0.0015783325015120274,0.00222317050755561
2021Q4,HR9,M26,0.01709635011587951,0.02408117511871349
2019Q3,HU10,M26,0.006695625405649895,0.006673585098136503
2020Q3,HU12,M26,0.0033032406214896486,0.002514130643971452
2022Q1,HU13,M26,0.010114685353727084,0.002578439712451704
2019Q3,HU14,M26,0.018488473654585662,0.0035270485574797118
2019Q3,HU15,M26,0.00233817252633008,0.0017275966786958526
2019Q4,HU16,M26,0.012265011835021844,0.003271281441924818
2023Q3,HU2,M26,0.030919027396368575,0.005888653851078481
2021Q2,HU3,M26,0.013916532506759605,0.03061706000998989
2022Q1,HU3,M26,0.011413555758727757,0.025110387334100443
2022Q3,HU3,M26,0.011098877612392005,0.024418079844033186
2022Q4,HU3,M26,0.013545305176800478,0.029800341518283268
2023Q1,HU3,M26,0.01631791498877565,0.035900220274453165
2023Q3,HU3,M26,0.01164773555027597,0.02562559446112551
2023Q3,HU4,M26,0.0064396055346331105,0.010831837513638372
2020Q2,HU5,M26,0.0007067016704123192,0.0020414623296378907
2023Q1,HU5,M26,0.014914803516735287,0.043084671804442136
2023Q3,HU5,M26,0.018897253525303498,0.05458884961035379
2022Q3,HU6,M26,0.003711990225030345,0.006820033475267544
2023Q3,HU8,M26,0.00864630186886892,0.018309853597146743
2019Q3,HX2,M26,0.06339869429584655,0.0394933809584079
2021Q1,HX2,M26,0.0032497142674016944,0.002024366668650409
2019Q1,HX4,M26,0.06184241010691409,0.006680196310784006
2020Q1,HX4,M26,0.03474891473103304,0.003753566065563839
2021Q2,HX4,M26,0.060559603423401186,0.006541627964889383
2021Q3,HX4,M26,0.036345158999385,0.0039259918338047615
2022Q1,HX4,M26,0.028083883957561867,0.0030336116862433897
2020Q1,HX5,M26,0.025628247682129315,0.02690135816231629
2020Q4,HX6,M26,0.14782466182060522,0.04878320320696062
2020Q1,IG1,M26,0.002442372818393486,0.006597856662356021
2022Q2,IG1,M26,0.0029830815294938987,0.008058533977899676
2022Q3,IG1,M26,0.0040499633725731106,0.01094062201265637
2023Q1,IG1,M26,0.002632521924861935,0.007111527851089245
2019Q3,IG10,M26,0.0015866073550899846,0.003288377102912299
2019Q4,IG10,M26,0.004090438859835681,0.008477778351647359
2023Q3,IG10,M26,0.005991229398376428,0.012417326510375788
2023Q3,IG11,M26,0.002078363008149707,0.00504094947383205
2019Q3,IG3,M26,0.0028003371046701085,0.003386877493367513
2019Q4,IG3,M26,0.004001814624981278,0.004840008677303414
2020Q3,IG3,M26,0.0008865866058656453,0.001072285267484318
2023Q3,IG3,M26,0.003620113609452274,0.0043783590507156895
2019Q4,IG6,M26,0.006901275232585126,0.014056640127253477
2020Q3,IG6,M26,0.00148230599994492,0.0030191872222852033
2023Q3,IG6,M26,0.003074151367429067,0.006261486176442181
2019Q2,IG8,M26,0.003406837460295852,0.0038754394300253743
2020Q1,IG8,M26,0.001477844092593658,0.0016811178503861382
2023Q3,IG9,M26,0.006789013940242624,0.0015862235759204714
2019Q4,IP1,M26,0.0031422794615780635,0.011501306269105165
2020Q1,IP1,M26,0.0010346367509575668,0.0037869560284300133
2023Q3,IP11,M26,0.0031423883669911825,0.0051316366129765785
2021Q2,IP13,M26,0.004411778955326485,0.0031448002625877503
2022Q2,IP13,M26,0.004756537015200804,0.003390550389282792
2019Q4,IP14,M26,0.0020139801418552444,0.003698071947280257
2022Q2,IP4,M26,0.002966465657422323,0.007138907620639506
2019Q4,IP6,M26,0.005502179320975788,0.005876166004966531
2019Q2,IP7,M26,0.002999251589740213,0.0023201349597189802
2019Q3,IP7,M26,0.004619260090245779,0.00357332704601223
2023Q2,IP7,M26,0.08440023291057137,0.06528959812977958
2023Q2,IP8,M26,0.0428646315878175,0.01699281990185337
2021Q2,IV1,M26,0.00845527354603875,0.005015172422499364
2021Q3,IV1,M26,0.01039446970525275,0.0061653898633133326
2021Q4,IV1,M26,0.01086316882339069,0.0064433946941370975
2022Q2,IV1,M26,0.008285830314523592,0.0049146686342721796
2022Q3,IV2,M26,0.002952370508597165,0.008136800050857991
2019Q1,IV3,M26,0.004898740636734958,0.0077081397075820434
2020Q2,IV3,M26,0.008515607499866545,0.013399258538344238
2020Q3,IV3,M26,0.013232490464773584,0.02082124626416317
2020Q4,IV3,M26,0.015335928021631294,0.02413099294330982
2021Q1,IV3,M26,0.016232738864897508,0.025542119553960074
2021Q2,IV3,M26,0.03177484298215075,0.04999752937647765
2021Q3,IV3,M26,0.017843866271649304,0.028077219094611482
2021Q4,IV3,M26,0.014407668745500554,0.022670382407691897
2022Q1,IV3,M26,0.013943284464254092,0.02193967646032854
2022Q2,IV3,M26,0.011451982902067248,0.01801962803991396
2022Q3,IV3,M26,0.015033242160376518,0.023654718512986717
2022Q4,IV3,M26,0.01547678814130384,0.024352635516815484
2021Q2,IV30,M26,0.001421119869385091,0.0038485938998809688
2022Q3,KA10,M26,0.004039907078566453,0.002913674939628093
2020Q4,KA18,M26,0.006106459196289525,0.003303068686573416
2020Q4,KA6,M26,0.20570106062283308,0.019598973283484
2021Q1,KA6,M26,0.05928538299558739,0.00564864679799642
2021Q2,KA6,M26,0.5188231476499849,0.04943290510441064
2021Q3,KA6,M26,0.2376994394949933,0.02264774401286863
2021Q4,KA6,M26,0.21732530195097036,0.020706518351755
2022Q1,KA6,M26,0.10428454886778488,0.009936118369790385
2022Q2,KA6,M26,0.258981228080315,0.024675449677805657
2022Q3,KA6,M26,0.2432357604024975,0.02317523864622845
2022Q4,KA6,M26,0.1269982533429699,0.0121002554229986
2020Q4,KA9,M26,0.038145924974796505,0.027395462832809945
2021Q1,KA9,M26,0.03879050077141378,0.02785838127798658
2021Q2,KA9,M26,0.052032479222145184,0.03736844372160458
2021Q3,KA9,M26,0.039778286213921765,0.028567784429041312
2021Q4,KA9,M26,0.05048352601671375,0.036256023718755116
2022Q1,KA9,M26,0.04833184050982919,0.03471073623730858
2022Q2,KA9,M26,0.08650417337935147,0.0621251645690265
2022Q3,KA9,M26,0.02446830924663406,0.017572536437135886
2022Q4,KA9,M26,0.02082113722258335,0.014953227410135984
2022Q3,KT1,M26,0.0011752952661682975,0.00227492494999818
2021Q3,KT10,M26,0.0010450923845633196,0.0011392655329938634
2019Q2,KT13,M26,0.0018723741748193962,0.0039713354033770265
2019Q4,KT13,M26,0.0008032736774145731,0.0017037562452094045
2019Q2,KT15,M26,0.001993917470134165,0.0056670780574985475
2019Q3,KT15,M26,0.0017686848233817191,0.005026925689428257
2020Q1,KT15,M26,0.0015810927670838336,0.0044937547623811885
2021Q4,KT16,M26,0.0017239647746018169,0.0018946800528781887
2019Q3,KT17,M26,0.0022063400524866016,0.004066229677842693
2019Q2,KT19,M26,0.0017978593799437325,0.004855969079553445
2023Q3,KT19,M26,0.0015328138252790533,0.004140088275702671
2019Q3,KT22,M26,0.002939642437868074,0.005300790164856618
2022Q4,KT22,M26,0.0009860654793035178,0.0017780823025495079
2019Q4,KT3,M26,0.0010791264395551884,0.002297696904672911
2022Q4,KT3,M26,0.0018438330646382995,0.003925925053879029
2019Q3,KT4,M26,0.001759958884003289,0.003130041899000901
2021Q4,KT4,M26,0.0017174534231278711,0.0030544470230718826
2019Q4,KT5,M26,0.0032815625476033034,0.005016307681236814
2023Q3,KT6,M26,0.002075155480843764,0.004783245740430917
2023Q3,KY15,M26,0.0033983601432316705,0.002836210225778568
2021Q2,KY2,M26,0.0015723083489558125,0.003579136899550944
2019Q2,L1,M26,0.012572221092542244,0.003508884417680514
2020Q2,L1,M26,0.007211847517324827,0.0020128137414987127
2020Q1,L10,M26,0.015754087950726286,0.01299918000328174
2021Q2,L10,M26,0.004819695390567263,0.003976878137212811
2022Q2,L10,M26,0.0027637657491348987,0.0022804676838339647
2023Q1,L10,M26,0.004011664782368991,0.003310147358701045
2023Q3,L10,M26,0.005627806931318441,0.00464367569565031
2020Q3,L11,M26,0.018586389309292392,0.02773911233062861
2020Q4,L11,M26,0.008526236113076102,0.012724914848298985
2021Q3,L11,M26,0.027598694710725062,0.041189457512158086
2022Q2,L11,M26,0.0348758182164402,0.05205014395371284
2023Q1,L11,M26,0.01477783977898231,0.02205507217199404
2023Q3,L11,M26,0.013756660243046214,0.020531020706930383
2020Q4,L12,M26,0.01221354038423032,0.013389775788890244
2021Q1,L12,M26,0.003175608215470257,0.003481437868204519
2023Q1,L12,M26,0.02069447868111921,0.022687478068679382
2023Q3,L12,M26,0.0288341790438193,0.0316110792045159
2021Q1,L13,M26,0.016545851187063827,0.037215918371231886
2020Q2,L14,M26,0.005645453055419534,0.004738503190190245
2021Q1,L14,M26,0.008213781339901657,0.006894225972756182
2023Q3,L14,M26,0.02688522006466173,0.022566072163697968
2020Q1,L15,M26,0.023809626739097516,0.04158299161449882
2020Q1,L16,M26,0.012624480226421177,0.003974874739440841
2020Q2,L16,M26,0.015409747427344581,0.00485182872415804
2020Q1,L17,M26,0.010801085432398059,0.010281637705529556
2020Q2,L17,M26,0.002296624083711121,0.002186174428699889
2023Q3,L17,M26,0.009842293809705695,0.009368956460545549
2020Q1,L18,M26,0.01616745219803655,0.04975298128844578
2019Q2,L19,M26,0.020480989251721732,0.006343358365390041
2020Q2,L21,M26,0.002209641838087315,0.0026870906516182342
2023Q3,L21,M26,0.0009379912579245844,0.0011406679114342427
2023Q1,L24,M26,0.013077824203719722,0.0042681721732573145
2023Q2,L24,M26,0.008142487348043036,0.0026574403645930715
2019Q3,L25,M26,0.01613767038015765,0.0337778874547534
2020Q2,L25,M26,0.0030658794825344144,0.006417216963250018
2021Q1,L25,M26,0.014584678552363853,0.030527307789805613
2022Q3,L25,M26,0.017376656423393425,0.03637121909064342
2020Q1,L26,M26,0.028070867472774937,0.016099972294811873
2020Q3,L26,M26,0.017211147827888303,0.00987140862175574
2021Q2,L26,M26,0.012588169715952807,0.007219911670552847
2021Q3,L26,M26,0.012637071637801764,0.007247959239360432
2023Q1,L26,M26,0.010055515896765779,0.005767314726022804
2023Q2,L26,M26,0.014202864602146524,0.008146015680609053
2019Q1,L27,M26,0.04043704857965267,0.004731357738136883
2019Q2,L27,M26,0.032148167047933614,0.003761512876725988
2022Q2,L27,M26,0.016689628434244225,0.0019527785882653317
2023Q3,L27,M26,0.027910980757808814,0.003265738708089033
2023Q2,L28,M26,0.15176173491609504,0.0051257599795121326
2020Q2,L3,M26,0.00252779697290421,0.0017048915039468546
2023Q2,L3,M26,0.025320743261838603,0.017077763967384918
2023Q3,L3,M26,0.0068902022541101095,0.0046471482517883925
2020Q1,L30,M26,0.00957904754444505,0.009612636409542888
2020Q3,L30,M26,0.005858494769688176,0.0058790375417730216
2021Q2,L30,M26,0.0019291853715895793,0.0019359500469807796
2019Q3,L31,M26,0.02281865202068936,0.04217940313121442
2020Q1,L31,M26,0.009807838995368641,0.01812941423781794
2020Q2,L31,M26,0.0006175239131716375,0.0011414692705430311
2020Q3,L31,M26,0.002426634512597304,0.004485540831516108
2021Q2,L31,M26,0.005051065984453645,0.009336701756416823
2021Q3,L31,M26,0.003608322319063758,0.006669845422295493
2023Q3,L31,M26,0.01568654526103969,0.028995977312837137
2019Q1,L32,M26,0.01266112408061352,0.002295559947049476
2019Q2,L32,M26,0.023632747763909973,0.004284800374764669
2019Q4,L32,M26,0.02942132161266407,0.005334313687574257
2020Q2,L32,M26,0.01773551845031861,0.00321558698386404
2020Q3,L32,M26,0.05074173375539319,0.009199869688591242
2020Q4,L32,M26,0.029983015117331282,0.005436153074316088
2021Q1,L32,M26,0.012803665317535629,0.0023214037783078944
2022Q1,L32,M26,0.0689476014551938,0.012500734637615493
2022Q2,L32,M26,0.021103837860273828,0.003826289404686365
2020Q4,L33,M26,0.1916412103614138,0.003722713739875493
2022Q4,L33,M26,0.1759134713773886,0.0034171955796499986
2022Q3,L34,M26,0.027397970644067345,0.011202332541601441
2023Q1,L34,M26,0.024418900691472484,0.009984266696243407
2023Q3,L34,M26,0.017300491436324755,0.007073730413124734
2020Q1,L35,M26,0.014535623348071269,0.014678160896044441
2020Q2,L35,M26,0.0032188153504823635,0.003250379325170593
2021Q3,L35,M26,0.019077860981828815,0.019264940094970796
2023Q3,L35,M26,0.010451941086701796,0.010554433702146196
2020Q1,L36,M26,0.014483527897745022,0.028489050896602874
2020Q2,L36,M26,0.001853409206498886,0.003645649705580362
2022Q3,L36,M26,0.002467432486626723,0.004853431442375615
2020Q2,L39,M26,0.0015708176152858548,0.002890235185696038
2021Q1,L39,M26,0.0023898349513889186,0.004397190989772212
2022Q1,L39,M26,0.03150269646252776,0.057963573157238026
2019Q1,L40,M26,0.030902517860622883,0.02825164826062438
2020Q3,L40,M26,0.02629339288783572,0.02403790172683893
2020Q4,L40,M26,0.017608086028545744,0.016097634997411243
2023Q3,L40,M26,0.020168053600080924,0.018438004274627117
2023Q3,L5,M26,0.02736588332581968,0.02227658118564824
2023Q3,L6,M26,0.0713700944633854,0.0734192527285842
2019Q4,L69,M26,0.02135910738463237,0.005264795784886882
2020Q1,L69,M26,0.009685533486397512,0.002387382344931455
2020Q1,L7,M26,0.030652955214580026,0.033167719273336935
2023Q3,L7,M26,0.04727239761905097,0.051150618354098114
2020Q2,L8,M26,0.010822933475203607,0.016710274036079803
2021Q4,L8,M26,0.0037927347090350406,0.0058558649075438965
2023Q3,L8,M26,0.018144478487766364,0.02801451274434881
2019Q3,L9,M26,0.018026520315993874,0.0294996315127105
2020Q2,L9,M26,0.002515340753371968,0.004116247842216222
2023Q3,L9,M26,0.018455204340948408,0.030201154632528825
2020Q2,LA1,M26,0.002557783384375191,0.008336138129169049
2021Q1,LA1,M26,0.0023539680248912524,0.00767187820790938
2019Q1,LA2,M26,0.033744168623843517,0.011012410432818642
2019Q2,LA2,M26,0.04644227775239318,0.015156438724139522
2019Q3,LA2,M26,0.018966438464378545,0.006189697756279907
2020Q1,LA2,M26,0.019122568627380453,0.006240650839613689
2020Q3,LA2,M26,0.016132563461215478,0.005264862564812615
2022Q3,LA2,M26,0.04693297255039917,0.015316576986045691
2023Q1,LA2,M26,0.005677572087353779,0.001852875819369738
2020Q2,LA3,M26,0.007917324517598811,0.008886872176683725
2020Q3,LA5,M26,0.0212214847443182,0.013287669282445484
2023Q3,LA5,M26,0.022903508475214947,0.01434085549117035
2021Q3,LA6,M26,0.020338057253866896,0.00693763292448221
2020Q4,LA7,M26,0.009943578104930548,0.00326707430660368
2019Q3,LA8,M26,0.06618868758134895,0.009481413855478824
2021Q1,LA9,M26,0.0006891008758762048,0.0021396956003901747
2023Q1,LE1,M26,0.011096220401926305,0.029044993778324674
2023Q1,LE11,M26,0.0038396943394934735,0.019907029080887317
2023Q3,LE11,M26,0.004862104940976986,0.02520775246581821
2019Q1,LE12,M26,0.002185242893297275,0.0037311947904435008
2019Q3,LE12,M26,0.0034970613366256073,0.005971060279432197
2020Q1,LE12,M26,0.0027454673166071057,0.00468775044663366
2023Q1,LE12,M26,0.0023400829164670336,0.003995576516417868
2023Q2,LE12,M26,0.0029604207814570662,0.005054772918458646
2019Q4,LE15,M26,0.0033853702157228198,0.005840839424254118
2021Q2,LE15,M26,0.001421163429647567,0.0024519585331146355
2021Q3,LE15,M26,0.003948772859782792,0.006812888023214182
2021Q4,LE15,M26,0.0018648101118552746,0.003217390041858813
2022Q1,LE15,M26,0.001095143886440838,0.0018894712186710648
2022Q3,LE15,M26,0.0032761035446468856,0.005652319693911699
2022Q4,LE15,M26,0.0024949029699654892,0.004304500452855711
2023Q1,LE15,M26,0.0018866789284184711,0.0032551206998975893
2023Q2,LE15,M26,0.0025616705957557783,0.004419695824744013
2023Q3,LE15,M26,0.0020186659451981157,0.0034828402466448977
2019Q4,LE16,M26,0.002707522212617305,0.0076493733729375785
2020Q1,LE16,M26,0.0038351482726728375,0.010835176509924991
2022Q1,LE16,M26,0.0381470937077098,0.10777431908144228
2020Q1,LE17,M26,0.0014550295214347134,0.0015649207796118519
2019Q3,LE18,M26,0.003429860168006503,0.005804310804878524
2020Q1,LE18,M26,0.0010037777775760946,0.001698680970853746
2023Q3,LE18,M26,0.0014588063404266645,0.002468720294473455
2019Q2,LE19,M26,0.005387482655663106,0.006551711733674968
2020Q1,LE2,M26,0.002378009272974927,0.016649771423366298
2020Q4,LE2,M26,0.0017936910107597965,0.012558632833225437
2021Q2,LE2,M26,0.006923851411857341,0.048477751826660864
2022Q4,LE2,M26,0.003326874297511924,0.023293305554923243
2023Q1,LE2,M26,0.006197924458603442,0.04339513167917183
2023Q3,LE2,M26,0.005857022065183381,0.041008283573646234
2020Q1,LE3,M26,0.003641878587531368,0.019345476685404005
2022Q1,LE3,M26,0.009320174390021032,0.04950829964056246
2023Q1,LE3,M26,0.005549511915401151,0.02947872939595628
2023Q3,LE3,M26,0.004644140068812567,0.024669439484489745
2019Q1,LE4,M26,0.0057211810906577475,0.033580819893917244
2019Q3,LE4,M26,0.007919952386728261,0.04648664156102516
2021Q1,LE4,M26,0.00019410861632451282,0.0011393323129195955
2023Q3,LE4,M26,0.010603989534945374,0.06224076062046921
2022Q4,LE65,M26,0.0016805718024945776,0.0026937686441914693
2020Q4,LE67,M26,0.0003621947404585318,0.0010931206043128107
2021Q4,LE67,M26,0.0027067579207985665,0.008169121534912446
2022Q3,LE67,M26,0.0034565269219860154,0.01043195931835307
2023Q3,LE67,M26,0.003307568830913449,0.009982396858322902
2019Q4,LE7,M26,0.0036524295383491383,0.004423368720659292
2023Q3,LE7,M26,0.0017098121188008405,0.0020707119371086587
2019Q3,LE9,M26,0.00286303372150342,0.003409916567745173
2022Q3,LE9,M26,0.004454797935983084,0.005305731879360812
2022Q4,LE9,M26,0.0023986079584073245,0.002856778442904132
2023Q2,LE9,M26,0.0037060985257908632,0.0044140195310567645
2020Q4,LL13,M26,0.0028420097458987385,0.006061814198502461
2020Q2,LL19,M26,0.001693701214418103,0.002166407570683114
2023Q1,LL22,M26,0.008781808792182395,0.006360186906674593
2019Q3,LL26,M26,0.020528591068267082,0.004288940730160075
2019Q4,LL26,M26,0.027405229577300915,0.005725644052365818
2023Q3,LL29,M26,0.012071067496361792,0.01093848505503293
2023Q3,LL31,M26,0.009429004706491306,0.008615879238061857
2021Q3,LL41,M26,0.013247942607716952,0.0021306803104163075
2019Q3,LN1,M26,0.016080164895998818,0.012523907271844615
2023Q3,LN1,M26,0.018402845854022243,0.0143329086800082
2023Q3,LN11,M26,0.013082143583263955,0.020712728884848104
2020Q3,LN2,M26,0.002361379935537834,0.008032756926566988
2023Q3,LN2,M26,0.003882367196385643,0.013206732012457879
2020Q1,LN4,M26,0.0024475402035627016,0.001704824724021122
2021Q4,LN4,M26,0.01030557372248666,0.007178307776821592
2022Q1,LN4,M26,0.0038481479372713275,0.002680412659045
2023Q1,LN4,M26,0.004307954542163282,0.0030006891828573425
2019Q1,LN5,M26,0.006302655614540068,0.008365788416194212
2020Q3,LN5,M26,0.005202354847501486,0.006905311440427752
2020Q4,LN5,M26,0.003168383223823581,0.004205532602920372
2021Q2,LN5,M26,0.007829543039270472,0.01039249238224525
2021Q3,LN5,M26,0.011566389837249013,0.015352571366015429
2022Q1,LN5,M26,0.006169381872798632,0.00818888839292922
2023Q3,LN5,M26,0.014280766928390554,0.01895548191912709
2023Q3,LN6,M26,0.004723185531169343,0.0281709781103397
2021Q3,LN8,M26,0.007511520195322056,0.0043304778439655954
2021Q3,LN9,M26,0.004391552068996017,0.002556268777108564
2019Q2,LS1,M26,0.046775800354961865,0.027621579661339667
2020Q1,LS1,M26,0.016277287778645382,0.009611901830359832
2020Q3,LS1,M26,0.017432826612570642,0.01029425911149297
2021Q4,LS1,M26,0.01104094851193552,0.006519790929174905
2022Q2,LS1,M26,0.008728400692896798,0.005154208227874113
2022Q3,LS1,M26,0.010023151535489314,0.00591877159758377
2022Q4,LS1,M26,0.00970311093067345,0.005729784407761224
2023Q2,LS1,M26,0.0226844328339272,0.013395385302651762
2020Q1,LS10,M26,0.01129333396872314,0.022011197760787887
2020Q2,LS10,M26,0.0020324766723643136,0.003961385194442907
2022Q3,LS10,M26,0.011616022190239106,0.022640131101335143
2023Q3,LS10,M26,0.01594027734643862,0.03106829196816337
2020Q1,LS11,M26,0.014483899902583674,0.034565089219286325
2020Q2,LS11,M26,0.003612041413349576,0.00861995281353153
2021Q1,LS11,M26,0.006112067690929871,0.014586138158385269
2021Q2,LS11,M26,0.05667446324206045,0.13525071918423984
2023Q1,LS11,M26,0.01941189631706116,0.046325501600233
2023Q2,LS11,M26,0.04940367684301175,0.11789935786112947
2023Q3,LS11,M26,0.030754120502894205,0.07339314177762285
2020Q2,LS12,M26,0.012602845872545128,0.02768415245175088
2020Q3,LS12,M26,0.03326469970269958,0.07307119575566719
2023Q3,LS12,M26,0.033635253613950734,0.07388517627041878
2021Q1,LS13,M26,0.0024632942193889744,0.006972492045714494
2021Q3,LS13,M26,0.008248673701936469,0.0233483322137267
2023Q1,LS13,M26,0.004519523229877104,0.01279276325284305
2019Q1,LS14,M26,0.005249406710114954,0.0037394087213085798
2019Q2,LS14,M26,0.007768364462468494,0.005533785325736782
2021Q1,LS14,M26,0.0005780384630075148,0.00041176502206566014
2022Q1,LS14,M26,0.0125344162722807,0.008928876749969374
2023Q2,LS14,M26,0.019092049831450124,0.013600199334872876
2023Q3,LS14,M26,0.020080789965952275,0.014304527211571954
2019Q1,LS15,M26,0.006813699667111185,0.00993545057053306
2020Q1,LS15,M26,0.007938622572381768,0.011575765886296734
2020Q2,LS15,M26,0.0007584516644622449,0.0011059423500534217
2021Q1,LS15,M26,0.0025963493606481237,0.003785887549618294
2019Q3,LS16,M26,0.014924666637217653,0.004767752797661013
2023Q2,LS16,M26,0.028429300212363458,0.009081869559822184
2022Q3,LS17,M26,0.0073649075404642605,0.0027934042933841327
2022Q4,LS17,M26,0.010655610909607871,0.004041521105321725
2023Q1,LS17,M26,0.0096747383323206,0.0036694901390668115
2023Q2,LS17,M26,0.02306608754849633,0.008748637730417766
2023Q3,LS17,M26,0.00752372051205161,0.0028536397863947113
2023Q1,LS18,M26,0.024805971305600184,0.0024792047428134336
2023Q3,LS18,M26,0.07867952967402933,0.007863536594761219
2020Q1,LS19,M26,0.004010414208911775,0.005528242591900996
2023Q3,LS19,M26,0.0048676951704727574,0.0067099801576606345
2020Q2,LS2,M26,0.0011143532545958607,0.00205909223003123
2022Q1,LS2,M26,0.015032673832641159,0.02777724366822178
2022Q2,LS2,M26,0.015978648939310638,0.029525208224266002
2022Q3,LS2,M26,0.011769845768445027,0.0217482184132539
2022Q4,LS2,M26,0.016772147676351136,0.030991428273645438
2023Q1,LS2,M26,0.02167990628419813,0.04005994184832115
2023Q2,LS2,M26,0.017655527601177192,0.03262372999832123
2023Q3,LS2,M26,0.015239794494964857,0.02815995942259386
2020Q1,LS20,M26,0.005418735341714327,0.006148761661805977
2019Q2,LS21,M26,0.004443062961758247,0.004463503456024433
2019Q3,LS21,M26,0.005122228931929615,0.005145793957231836
2020Q1,LS21,M26,0.005887678295394751,0.005914764802039829
2021Q3,LS21,M26,0.003689246567342733,0.0037062190982196023
2022Q1,LS21,M26,0.002897406982662169,0.002910736622895869
2022Q2,LS21,M26,0.005413119632279023,0.005438022912236593
2023Q2,LS21,M26,0.007676629512900069,0.0077119461633487875
2019Q1,LS22,M26,0.0033932120886221613,0.0060595436810275604
2020Q1,LS22,M26,0.005142414621793017,0.009183241487083887
2023Q1,LS22,M26,0.005042382195415558,0.009004605185749855
2023Q2,LS22,M26,0.004150092952128621,0.0074111693778502906
2019Q2,LS24,M26,0.01623075330898643,0.007475010986850414
2019Q3,LS24,M26,0.005208602221039904,0.0023988017122316863
2019Q4,LS24,M26,0.01498127458237245,0.00689956836681477
2020Q1,LS24,M26,0.0073130103397991844,0.0033679787743852584
2020Q3,LS24,M26,0.011876645475312921,0.005469743376959459
2020Q4,LS24,M26,0.00980877775798183,0.004517394856090439
2021Q2,LS24,M26,0.010885559587369718,0.005013302584578857
2021Q3,LS24,M26,0.0071371234075277715,0.0032869747244719198
2022Q2,LS24,M26,0.01721792415391947,0.007929648721236244
2022Q4,LS24,M26,0.015269537749194846,0.007032326859170679
2023Q1,LS24,M26,0.010755638160069485,0.004953467771122674
2023Q2,LS24,M26,0.012124308196103993,0.00558380349011031
2023Q3,LS24,M26,0.011348694675312744,0.005226597667367979
2020Q2,LS25,M26,0.04995441211308769,0.04871341818457032
2020Q3,LS25,M26,0.016676055444826903,0.01626178005486135
2020Q4,LS25,M26,0.017614863820942888,0.017177266056726113
2021Q1,LS25,M26,0.020085322072338627,0.019586351877520586
2021Q2,LS25,M26,0.03430680689749048,0.03345453905435737
2021Q3,LS25,M26,0.0266956725668841,0.02603248454861271
2021Q4,LS25,M26,0.02490502690208865,0.024286323050563264
2022Q1,LS25,M26,0.01654005183880412,0.01612915512235691
2022Q3,LS25,M26,0.02148494024952577,0.02095119999963832
2022Q4,LS25,M26,0.018168739533688246,0.01771738209604935
2023Q1,LS25,M26,0.018907788333385068,0.018438071054552845
2023Q2,LS25,M26,0.019954796960012632,0.019459069339074733
2023Q3,LS25,M26,0.02305165248446497,0.022478991140542987
2020Q1,LS26,M26,0.006480519470387534,0.010926998907806969
2021Q3,LS26,M26,0.02025378679216762,0.03415051944033992
2022Q1,LS26,M26,0.005539494195729881,0.009340307872406372
2023Q2,LS26,M26,0.01549305437992231,0.026123305247608704
2019Q1,LS27,M26,0.009224479636473227,0.022030497159324536
2019Q4,LS28,M26,0.0145306703386006,0.013322995863157895
2020Q1,LS28,M26,0.009124913703706031,0.008366522995377266
2022Q1,LS28,M26,0.004659944156737165,0.0042726464282813814
2022Q3,LS28,M26,0.007848292500860048,0.007196004457140665
2023Q1,LS28,M26,0.0069975273097119435,0.006415948144661104
2023Q2,LS28,M26,0.01525594384030874,0.013987990363600622
2019Q2,LS3,M26,0.036397531161365335,0.01964585279134811
2020Q1,LS3,M26,0.04450627180447751,0.02402260912384622
2022Q1,LS3,M26,0.019876436058567943,0.010728462188604695
2023Q1,LS3,M26,0.033375744748985546,0.01801481988526123
2023Q2,LS3,M26,0.0452760701609231,0.02443811382175289
2023Q3,LS3,M26,0.024868990394416368,0.013423232531682152
2020Q1,LS4,M26,0.03327099059948952,0.009974450047160752
2020Q4,LS4,M26,0.025049861872459663,0.00750980332815697
2021Q1,LS4,M26,0.004377756059075992,0.0013124258804178427
2022Q1,LS4,M26,0.04568142671994745,0.01369502682941281
2019Q4,LS5,M26,0.029637594422123607,0.006588040013273365
2020Q3,LS5,M26,0.016984393790911153,0.0037754031012783157
2020Q4,LS5,M26,0.015077310890323834,0.0033514841327293684
2021Q2,LS5,M26,0.010350761540144207,0.0023008355611823317
2021Q3,LS5,M26,0.020031280176821136,0.004452685108055793
2022Q1,LS5,M26,0.016673155938830425,0.0037062190982196023
2022Q2,LS5,M26,0.030775595371623405,0.006841002371947502
2022Q3,LS5,M26,0.0255070835840368,0.005669882814379307
2023Q3,LS5,M26,0.05238018889916536,0.011643413951063605
2020Q1,LS6,M26,0.012694551994666105,0.026867767859672924
2020Q2,LS6,M26,0.004794569033366596,0.010147610394584729
2020Q3,LS6,M26,0.0355951220685121,0.07533637083650845
2022Q1,LS6,M26,0.02779351933731892,0.058824433179853725
2023Q3,LS6,M26,0.022145143688597217,0.04686975799495164
2020Q1,LS7,M26,0.014289709307969554,0.041607633407094065
2021Q1,LS7,M26,0.00033913794512362583,0.0009874747618042355
2022Q4,LS7,M26,0.012151216017970423,0.035380939571958425
2023Q1,LS7,M26,0.017601871712985686,0.05125172316165688
2023Q3,LS7,M26,0.015490097548304,0.04510282793999944
2020Q3,LS8,M26,0.015470765565119166,0.03613288153570467
2022Q2,LS8,M26,0.012063173576307642,0.02817425032670058
2023Q1,LS8,M26,0.00805136068994403,0.01880442572712052
2023Q2,LS8,M26,0.014238706201333462,0.033255334535897775
2023Q3,LS8,M26,0.016494612900891697,0.0385241371163286
2020Q4,LS9,M26,0.019347259720393428,0.040741030310865366
2022Q3,LS9,M26,0.03279170547604505,0.06905204592546581
2023Q1,LS9,M26,0.028115412366710408,0.05920481163682517
2023Q3,LS9,M26,0.03196130810819843,0.06730341357016427
2022Q1,LU1,M26,0.0016330211426889391,0.004110104089048846
2022Q3,LU1,M26,0.004723442082697293,0.011888295938724123
2019Q1,LU2,M26,0.001330372604317457,0.003259194275367263
2022Q3,LU2,M26,0.001329309505627397,0.0032565898582637013
2023Q2,LU2,M26,0.001375540669174624,0.003369848612305764
2023Q3,LU3,M26,0.0035224709434625,0.00957009759685138
2019Q2,LU4,M26,0.0019354305735836078,0.0027241535103996878
2019Q3,LU4,M26,0.004690998251448986,0.006602664817008749
2022Q3,LU4,M26,0.005587284843892983,0.007864204394018543
2023Q1,LU4,M26,0.0020525726834107333,0.002889033147032856
2023Q2,LU4,M26,0.003067187514780955,0.004317121858819126
2020Q4,LU5,M26,0.00032004094408200534,0.0010740883254790911
2019Q4,LU6,M26,0.002637930861946235,0.0021985287149603734
2023Q3,LU6,M26,0.07982397057134444,0.06652763117293156
2020Q3,LU7,M26,0.0010479170240476614,0.00339048360935706
2023Q3,LU7,M26,0.010113572670073113,0.03272196326907351
2023Q2,M1,M26,0.2871945612442563,0.4537872252517006
2019Q1,M17,M26,0.9253178805664228,0.16391146126990058
2019Q2,M21,M26,1.0223491526606976,1.4388808820240235
2019Q3,M21,M26,0.9032882667388796,1.2713114835422081
2019Q1,M24,M26,0.7951081713432566,1.8113789738594344
2019Q2,M24,M26,1.115822802069684,2.5420163382390637
2019Q3,M24,M26,1.0098651510225318,2.3006284766326357
2019Q4,M24,M26,1.1456160951948104,2.6098900523749817
2020Q1,M24,M26,0.7434712588947525,1.6937421278863585
2020Q3,M24,M26,0.15123378090530934,0.3445338643751383
2023Q1,M24,M26,0.08977162061494114,0.20451358933524266
2023Q2,M24,M26,0.0511491412552757,0.11652562800888935
2019Q1,M25,M26,2.226246747360553,3.0652864734970544
2020Q3,M25,M26,0.24721058070827656,0.3403806204540663
2020Q4,M25,M26,0.2147080675666068,0.2956283871241617
2021Q1,M25,M26,0.20364403545357027,0.2803944836861727
2021Q2,M25,M26,0.3959361385366837,0.5451586582952089
2021Q3,M25,M26,0.4589861979103031,0.6319713597085989
2021Q4,M25,M26,0.31975955405022993,0.4402722371020622
2022Q1,M25,M26,0.27494862589379965,0.3785727277796537
2022Q2,M25,M26,0.4082289363204992,0.5620844311516272
2022Q3,M25,M26,0.3434389622173149,0.4728760666825152
2022Q4,M25,M26,0.29133347769021817,0.40113278975003575
2023Q1,M25,M26,0.7539759991696162,1.0381384877198192
2023Q2,M25,M26,2.047870712565905,2.819683129078772
2023Q3,M25,M26,2.2030403666885188,3.0333339485322686
2020Q2,M26,M26,10.892372298936039,12.962599896583404
2020Q3,M26,M26,8.120026732698129,9.663336396958146
2020Q4,M26,M26,6.9241701948740655,8.240192805452281
2021Q1,M26,M26,6.025830075508785,7.171112239823933
2021Q2,M26,M26,4.89916402883872,5.830309632344568
2021Q3,M26,M26,3.8885536369989135,4.627620465905738
2021Q4,M26,M26,3.6512252356905934,4.345184920569482
2022Q1,M26,M26,3.157438274017092,3.757547751855704
2022Q2,M26,M26,3.1236243127731425,3.7173070367484247
2022Q3,M26,M26,2.9814172649849784,3.548071813019216
2022Q4,M26,M26,4.108140773061138,4.8889428031425295
2023Q1,M26,M26,6.2376475204097375,7.423188161763897
2023Q2,M26,M26,7.33831806063179,8.73305450118827
2023Q3,M26,M26,6.833795018822078,8.132640729963674
2019Q1,M27,M26,1.2430134969345124,2.5110999706019412
2019Q2,M27,M26,1.5263708348098248,3.0835302817476515
2019Q3,M27,M26,1.3173361673434818,2.6612444830624153
2019Q4,M27,M26,1.5101480592054408,3.0507574989550963
2020Q1,M27,M26,1.3070589792648848,2.640482804492005
2020Q3,M27,M26,0.13916359295502545,0.28113427170343563
2020Q4,M27,M26,0.12411614365528438,0.2507358491702934
2021Q1,M27,M26,0.08211621930189021,0.1658888148708354
2021Q2,M27,M26,0.22516052121092608,0.4548627827355458
2021Q3,M27,M26,0.17933588573111434,0.3622891774690036
2021Q4,M27,M26,0.13240468160982002,0.26748011418857104
2022Q1,M27,M26,0.12264268015639125,0.24775920076069974
2022Q2,M27,M26,0.15063921387987525,0.3043169897013461
2022Q3,M27,M26,0.12570894136764288,0.2539535731117809
2022Q4,M27,M26,0.10787055901841,0.2179169882289823
2023Q2,M27,M26,0.8487555027158349,1.7146313561149171
2023Q3,M27,M26,0.12301126089881192,0.24850379693261546
2019Q1,M28,M26,0.6386981081667311,1.3165904101463637
2019Q2,M28,M26,0.9153282276277418,1.8868262661525839
2019Q3,M28,M26,0.8484098661259131,1.7488830471427417
2019Q4,M28,M26,1.1632022986414838,2.397785388541965
2023Q2,M28,M26,1.0819716281239085,2.230339265803052
2023Q3,M28,M26,0.3328239274945256,0.686071847722072
2019Q1,M29,M26,0.3982781495273522,0.22156404031300306
2020Q1,M29,M26,0.734988089941462,0.4088773912970677
2023Q1,M29,M26,0.19382637702454586,0.107826540983365
2023Q3,M29,M26,0.1559992296633654,0.08678311790629029
2019Q1,M30,M26,1.1448277522641015,2.446236829077888
2023Q3,M30,M26,0.07786251463432109,0.16637450527068678
2019Q1,M32,M26,1.100717347980155,1.0064897446371899
2023Q1,M32,M26,0.1554131224398053,0.14210888399710053
2019Q2,M33,M26,0.8313357592946885,2.9262557433966614
2019Q3,M33,M26,0.8013474004575067,2.820698384289681
2019Q4,M33,M26,0.8886463222920268,3.127985745087602
2023Q2,M33,M26,0.3920331238096006,1.3799348425994111
2020Q1,M34,M26,0.36102635473570505,0.6508426989213031
2023Q1,M34,M26,0.20224953114444752,0.36460670801161904
2023Q3,M34,M26,0.2746208446476049,0.4950745821349824
2019Q1,M38,M26,0.4728752307789604,0.1105439497212657
2019Q3,M38,M26,0.7944455393972363,0.18571737753898726
2020Q1,M38,M26,0.7406036255133269,0.17313076391687993
2020Q3,M38,M26,0.7056687565114491,0.16496404645929386
2021Q2,M38,M26,0.7811218231982994,0.1826026950229048
2022Q3,M38,M26,0.8654182312022417,0.202308649747412
2022Q4,M38,M26,0.5779555048185762,0.13510854472235567
2023Q1,M38,M26,0.3715366011031805,0.08685403818741805
2023Q3,M38,M26,0.8741684456249521,0.20435418565251956
2019Q1,M41,M26,1.5029433012975242,4.565970574068149
2019Q2,M43,M26,2.5038853089227415,2.7323856721844915
2019Q3,M43,M26,2.4026899992280337,2.621955448676748
2019Q4,M43,M26,2.3587579857842624,2.5740142735533467
2019Q2,M45,M26,9.580625171096017,9.678611303270532
2020Q2,M45,M26,2.7575887940752075,2.7857921164298283
2020Q3,M45,M26,1.0495280630353538,1.0602621428755403
2020Q4,M45,M26,1.4763878356518385,1.4914876366587155
2021Q1,M45,M26,1.6514898523212715,1.668380514471653
2021Q2,M45,M26,1.303078026472833,1.3164052961922337
2021Q3,M45,M26,0.8659785035945741,0.8748353247934145
2021Q4,M45,M26,0.8690623141447344,0.8779506751087542
2022Q1,M45,M26,0.9158206056586072,0.925187188455828
2022Q2,M45,M26,0.9464093674506387,0.9560887977293634
2022Q3,M45,M26,0.8294856106349765,0.8379691996731686
2022Q4,M45,M26,1.0041798326744138,1.0144501121242633
2023Q1,M45,M26,2.056488752330722,2.0775215529155124
2023Q2,M45,M26,4.440699950273214,4.486117342614956
2023Q3,M45,M26,4.120949892983056,4.163097031994049
2019Q2,M46,M26,0.5187512566360182,0.03456555667876645
2020Q1,M46,M26,0.4075984339767441,0.02715919545556889
2020Q2,M46,M26,0.3837817616506061,0.02557223730046537
2020Q3,M46,M26,0.7900442410653766,0.05264241511503304
2020Q4,M46,M26,0.7219817157744877,0.04810725679869779
2021Q1,M46,M26,0.13921989505842794,0.00927653304333198
2021Q4,M46,M26,1.396713935806854,0.09306617399874402
2022Q1,M46,M26,0.6374838425002485,0.04247697448027777
2022Q3,M46,M26,1.2858738046879667,0.08568064811237494
2022Q4,M46,M26,0.8071420541390981,0.053781680648026894
2023Q3,M46,M26,1.1455013606826001,0.07632731815445076
2023Q2,M5,M26,3.2673028196558462,1.9458983192970536
2019Q3,M6,M26,1.968441783001028,4.819502498728856
2023Q2,M6,M26,1.9940642814708407,4.882236228761081
2023Q2,M60,M26,0.3956292637622728,0.046131572695906266
2019Q1,M7,M26,1.9634143270176505,1.8079687233920605
2019Q1,M8,M26,3.698802799246337,5.078322592148456
2022Q3,ME14,M26,0.00259338978439512,0.0044193619251153525
2020Q3,ME15,M26,0.002073511357211684,0.0063596526672687346
2019Q3,ME16,M26,0.0022013051180890253,0.006114236440202353
2021Q3,ME16,M26,0.003375528459166266,0.009375701233044516
2023Q3,ME20,M26,0.0015164554783991615,0.003158490147362881
2020Q4,ME3,M26,0.04138251851427671,0.019040826664213032
2021Q2,ME4,M26,0.0006072103727031724,0.0011396662125482573
2022Q1,ME4,M26,0.001270601759029825,0.002384777927827893
2023Q1,ME4,M26,0.0020482764992251394,0.0038443867645598312
2022Q2,ME7,M26,0.0019394855837403886,0.007785270521802906
2023Q3,ME7,M26,0.002354862669670601,0.00945263170748818
2023Q3,MK10,M26,0.00404843509605061,0.0036363005159778345
2022Q3,MK13,M26,0.0018013804867836839,0.003640106971744578
2020Q1,MK14,M26,0.0017267775444638177,0.0024793383026648986
2021Q3,MK14,M26,0.0035483425114400187,0.005094774093972323
2021Q4,MK14,M26,0.0017572881181478822,0.002523145933945319
2022Q2,MK14,M26,0.00390902772320819,0.005612652418026685
2023Q3,MK14,M26,0.0033239316607912212,0.004772560952313742
2023Q3,MK16,M26,0.0066824846964861385,0.002939184871257849
2021Q3,MK17,M26,0.007793665847474202,0.00379570419870095
2023Q3,MK17,M26,0.005695756182167717,0.0027739713349960197
2022Q4,MK18,M26,0.0013177209688344336,0.0024718589509828753
2023Q3,MK18,M26,0.002828392029552769,0.005305665099435079
2023Q1,MK3,M26,0.0037606960928610006,0.004869325064699914
2023Q3,MK3,M26,0.0027996338980838345,0.003624947928603336
2022Q4,MK4,M26,0.003161461960781581,0.003357761445748209
2023Q1,MK40,M26,0.001369606006760045,0.004584508681451449
2020Q1,MK42,M26,0.0024514991452272593,0.00918838354136528
2020Q4,MK42,M26,0.0007937902633740687,0.0029751792512275853
2022Q4,MK42,M26,0.002251465851841987,0.008438645315168204
2023Q2,MK42,M26,0.0033783658019650585,0.012662342057887773
2023Q3,MK42,M26,0.004405418368447704,0.01651180409680326
2020Q3,MK43,M26,0.005626908089122757,0.002729362344606811
2021Q2,MK43,M26,0.004883188642634021,0.0023686171858006647
2022Q3,MK44,M26,0.00871764536331138,0.0017327387329772435
2023Q1,MK5,M26,0.0019651496043320065,0.0041372167388961795
2023Q2,MK5,M26,0.0018645971815965058,0.003925524374324635
2023Q3,MK5,M26,0.0030360804864758444,0.006391840591471726
2021Q2,MK6,M26,0.00171678400798564,0.005771922540898335
2022Q1,MK6,M26,0.002495049361105935,0.008388493590943211
2023Q3,MK6,M26,0.004874814864585659,0.016389396492935866
2019Q3,MK7,M26,0.003477687925635665,0.003471086979716005
2023Q3,MK7,M26,0.002897069667552125,0.002891570784210685
2019Q3,MK9,M26,0.002584852576672911,0.001490327602568819
2021Q3,MK9,M26,0.005597097097062408,0.0032270731310900034
2022Q3,MK9,M26,0.007238328490684094,0.004173344678717382
2023Q1,MK9,M26,0.006953979650081325,0.004009399961044465
2022Q2,ML11,M26,0.0018248618651860267,0.0025214096558762783
2023Q1,N1,M26,0.0023188846749815266,0.025690771668640283
2021Q2,N10,M26,0.0007031188621500707,0.0019751498633856683
2022Q3,N10,M26,0.0012870662445706796,0.003615531959075074
2022Q4,N10,M26,0.0005652384347750696,0.0015878262941380476
2023Q3,N10,M26,0.002036398822378854,0.005720501998084427
2021Q4,N11,M26,0.005311196339519103,0.0035365980868594382
2020Q1,N12,M26,0.002432586777751373,0.004754396812514544
2022Q3,N12,M26,0.0009976014628837256,0.0019497734916073762
2020Q3,N13,M26,0.0009089565630373912,0.0013922278916679992
2023Q3,N15,M26,0.0018580601937843969,0.003973405581074728
2023Q1,N16,M26,0.002573561507780028,0.008735482085048492
2020Q1,N17,M26,0.0012311120773156991,0.0036605416290186772
2023Q3,N17,M26,0.0024831338571577304,0.007383255368894169
2019Q1,N19,M26,0.0028138937454314696,0.0025192726982528426
2019Q3,N2,M26,0.00781628693802819,0.00498151533993026
2022Q2,N2,M26,0.007419374303017589,0.004728552981256125
2022Q4,N2,M26,0.008770742374224485,0.005589813683426222
2023Q1,N2,M26,0.008471276611061786,0.00539895665568317
2023Q3,N2,M26,0.01517635486527598,0.009672270883221876
2023Q3,N20,M26,0.0035450383962517475,0.0035898216876681186
2020Q1,N22,M26,0.0017922531649257351,0.0028838243128257324
2022Q3,N22,M26,0.0033032424427937245,0.0053150810689633395
2023Q1,N22,M26,0.0017460606451831838,0.002809498255485629
2023Q2,N22,M26,0.0027668198752533128,0.004451950528872739
2023Q3,N22,M26,0.003716443454974176,0.0059799420095546
2019Q3,N3,M26,0.004419850846482545,0.009603487559717556
2019Q4,N3,M26,0.005926542741558714,0.012877239858894472
2021Q2,N3,M26,0.004066098042445118,0.008834850614538226
2022Q1,N3,M26,0.003232058959633336,0.007022643769939488
2023Q3,N3,M26,0.003596845408905292,0.007815254708456731
2023Q3,N4,M26,0.003409284470532691,0.008938960518754958
2020Q1,N5,M26,0.002806152309382775,0.003669356579215347
2022Q4,N5,M26,0.0026851160203544893,0.003511088155229681
2023Q1,N5,M26,0.003995218941216345,0.005224193590041614
2020Q3,N6,M26,0.00311038159885198,0.002157058381080585
2022Q3,N6,M26,0.00837013404281634,0.005804711484432919
2022Q4,N6,M26,0.004575585970485419,0.003173181731023998
2023Q2,N6,M26,0.004008512590848896,0.0027799147483861986
2023Q3,N6,M26,0.0053109806725204186,0.003683180023841943
2022Q4,N7,M26,0.0035758049063081897,0.01195073516928387
2022Q4,N8,M26,0.0015173116907354152,0.00512682845832385
2023Q1,N8,M26,0.004190572505731407,0.014159481212881294
2023Q2,NE1,M26,0.02898829637799652,0.010655872409333637
2023Q3,NE10,M26,0.006666164551649693,0.006882673045604487
2022Q1,NE11,M26,0.006616938292602809,0.008435840558287446
2023Q1,NE12,M26,0.008375927975083054,0.007116135665964776
2020Q3,NE15,M26,0.01035393803545662,0.007127287913562078
2020Q4,NE15,M26,0.0776756839662819,0.053469217375525235
2021Q1,NE15,M26,0.09650025856914253,0.06642739450440731
2022Q1,NE15,M26,0.008868581378713531,0.006104820470674092
2022Q2,NE15,M26,0.07086085481950953,0.04877812793260496
2019Q3,NE16,M26,0.0035738950931670627,0.004129537047436961
2020Q3,NE16,M26,0.0025310514846883523,0.0029245600675224647
2021Q3,NE16,M26,0.014644601241189803,0.01692143216124549
2022Q1,NE16,M26,0.007798267065819155,0.0090106821589915
2023Q2,NE16,M26,0.001642056783645373,0.0018973512499074823
2023Q3,NE16,M26,0.0026197082179740057,0.0030270004735958875
2020Q2,NE17,M26,3.393741185692462,0.05445969723398743
2020Q3,NE17,M26,4.683446898464463,0.07515573113740245
2021Q2,NE17,M26,2.1395413524269404,0.034333429656920815
2021Q3,NE17,M26,5.214890679802345,0.083683861553052
2021Q4,NE17,M26,3.5763517692161115,0.057390067155048616
2022Q1,NE17,M26,2.668525689931216,0.042822093136462534
2022Q2,NE17,M26,1.2160638886104156,0.01951429633765538
2020Q4,NE18,M26,2.19817121468632,0.009053154191757274
2021Q1,NE18,M26,4.626768795168943,0.01905531790809695
2020Q4,NE20,M26,0.4929635249120454,0.07826634007801524
2021Q1,NE20,M26,0.6008372039951311,0.09539312051088768
2022Q1,NE20,M26,0.5807414378290404,0.0922025759991733
2021Q2,NE21,M26,0.007369513896297212,0.0034151254019522963
2021Q4,NE21,M26,0.028093065400259,0.013018679741595584
2022Q2,NE21,M26,0.02734890877608069,0.012673828205113738
2020Q4,NE23,M26,0.0007500973285394997,0.0019350819079462594
2021Q2,NE3,M26,0.0008583385998180928,0.0036027769932601953
2023Q3,NE3,M26,0.0006392594057588688,0.0026832174159257577
2020Q1,NE32,M26,0.0013334495099237395,0.0020522806776065304
2023Q3,NE34,M26,0.006059102114413992,0.00659071121030266
2023Q3,NE37,M26,0.0017272837130064046,0.0038564739311173868
2020Q2,NE39,M26,1.2591867091093465,0.10998513530273743
2020Q3,NE39,M26,1.1267012996041668,0.09841304231235597
2021Q2,NE39,M26,1.1152086851802234,0.09740920646874728
2021Q3,NE39,M26,1.0887287290484196,0.0950962837410074
2021Q4,NE39,M26,1.271818493004529,0.11108847323568724
2022Q1,NE39,M26,0.8779418560757988,0.07668485787682176
2022Q2,NE39,M26,0.4213015685413751,0.03679907807481058
2022Q2,NE4,M26,0.0015412778251976756,0.0033390630665431514
2023Q1,NE4,M26,0.00563304201136175,0.01220356396810654
2020Q2,NE40,M26,0.9241477743666564,0.18793066461753444
2020Q3,NE40,M26,0.025687637976931445,0.005223726130561488
2021Q2,NE40,M26,0.2514444835268228,0.0511326545540761
2021Q3,NE40,M26,0.07940597539565003,0.016147653161784768
2021Q4,NE40,M26,0.34063384885393466,0.06926981526327901
2022Q1,NE40,M26,0.11228600751459536,0.022833993225736152
2022Q2,NE40,M26,0.4512910427924005,0.0917725800573827
2021Q4,NE41,M26,0.1041747831551663,0.010240768390981356
2022Q2,NE41,M26,0.266324985569492,0.026180735983738518
2020Q3,NE42,M26,0.026393377746525948,0.010717376720933128
2021Q2,NE42,M26,0.053642260895558166,0.02178214261552593
2021Q3,NE42,M26,0.07294112738512172,0.02961870012029128
2021Q4,NE42,M26,0.08257469052776165,0.03353053460984078
2022Q1,NE42,M26,0.05333637084391233,0.02165793195366376
2022Q2,NE42,M26,0.014623353495858513,0.005938004216194686
2020Q3,NE43,M26,0.5508309084250442,0.02188732099855438
2021Q2,NE43,M26,0.33392064003427946,0.013268369883908835
2021Q3,NE43,M26,0.3369138387171443,0.013387304931638148
2021Q4,NE43,M26,0.5693228596364771,0.022622100521387408
2022Q1,NE43,M26,0.13277970529950614,0.005276014812409915
2021Q4,NE45,M26,0.017653538554825626,0.003200361160797064
2022Q2,NE46,M26,0.0035275551120540053,0.005630015198717095
2022Q3,NE46,M26,0.003094408985160829,0.004938709407535825
2021Q4,NE48,M26,0.1970707786941759,0.007542592271691553
2020Q4,NE5,M26,0.00927983792865209,0.031971957923173505
2021Q1,NE5,M26,0.01419710574590646,0.048913490842064436
2023Q3,NE5,M26,0.002757362018301611,0.009499978674832415
2020Q3,NE61,M26,0.006501105488520607,0.010195424821409092
2020Q4,NE61,M26,0.015011493383647097,0.023541927218424772
2021Q1,NE61,M26,0.009323707395956659,0.014621998978503538
2021Q2,NE61,M26,0.013783168026529449,0.021615593480749453
2021Q3,NE61,M26,0.013990500625981915,0.02194074493914026
2021Q4,NE61,M26,0.013223297618314,0.020737571017220537
2022Q1,NE61,M26,0.004083545208932542,0.006404061317880745
2022Q2,NE61,M26,0.02429968724747326,0.038108231738867536
2022Q3,NE61,M26,0.0038841754757971045,0.0060913977056018895
2022Q4,NE61,M26,0.0046969839905534536,0.007366092927980956
2023Q1,NE61,M26,0.0439670302427313,0.06895174247701581
2023Q2,NE61,M26,0.06965638670013087,0.10923933709215854
2023Q3,NE61,M26,0.046167762098328416,0.07240306259871505
2019Q3,NE65,M26,0.00451865016073811,0.002022496830729903
2020Q3,NE65,M26,0.02667340420611098,0.011938714782652049
2021Q1,NE65,M26,0.021511108242248514,0.009628129352312793
2021Q2,NE65,M26,0.02854675068363286,0.012777203530147413
2022Q1,NE65,M26,0.043450567690053364,0.01944798387140316
2022Q3,NE65,M26,0.013842413148417105,0.006195707949595819
2019Q2,NE66,M26,0.0036066672978376686,0.0045992670450382975
2020Q1,NE66,M26,0.002146918039398462,0.0027377766152490873
2020Q3,NE66,M26,0.003987642216407901,0.005085091004741133
2021Q3,NE66,M26,0.00642148280959967,0.008188754833077756
2022Q2,NE66,M26,0.004422451116598779,0.005639564728096821
2021Q2,NE7,M26,0.006802235720890074,0.004751458495782321
2022Q1,NE7,M26,0.00467440392035529,0.0032651376887574413
2022Q3,NE7,M26,0.00687900477942579,0.004805082776145396
2023Q1,NE7,M26,0.003542657824532369,0.0024745969279379018
2020Q1,NG1,M26,0.009733650244306962,0.019340201071271147
2021Q3,NG1,M26,0.0020812617316977207,0.004135346900975674
2021Q4,NG1,M26,0.0034318216255457825,0.006818831436604361
2022Q2,NG1,M26,0.0027189663759808465,0.005402429211821253
2023Q1,NG1,M26,0.003052069081234881,0.006064285055754557
2020Q3,NG11,M26,0.005170151435840581,0.005422930649021083
2022Q4,NG11,M26,0.008523625519388536,0.008940362897195337
2019Q1,NG12,M26,0.0016813807596897205,0.002627790077567909
2021Q4,NG12,M26,0.003806500761803272,0.0059490896838662564
2023Q3,NG12,M26,0.001978816375145886,0.0030926451405907857
2019Q4,NG15,M26,0.006549547031866486,0.012371715821100594
2022Q1,NG15,M26,0.001646180836721334,0.00310954046180107
2022Q3,NG15,M26,0.0026257439890251468,0.004959878643992979
2023Q1,NG15,M26,0.0060865630906736645,0.011497165913709759
2023Q3,NG15,M26,0.004667631854898226,0.008816886814516225
2019Q3,NG16,M26,0.007239119574811921,0.0156297748377304
2023Q1,NG16,M26,0.005877181894079711,0.012689254367957913
2023Q2,NG16,M26,0.005956362519126254,0.012860210977832723
2020Q1,NG17,M26,0.003093820219148457,0.008163445241225196
2020Q4,NG17,M26,0.0011819099852281745,0.0031186225317006693
2021Q1,NG18,M26,0.000363988708170705,0.001681652089791997
2023Q3,NG18,M26,0.0051153263389238255,0.023633148596975163
2020Q1,NG19,M26,0.005131761407921135,0.00866823469983602
2023Q3,NG2,M26,0.01437211136175963,0.0574245255967265
2019Q3,NG20,M26,0.003400296435160128,0.0018534100587755968
2019Q2,NG22,M26,0.007668084368023015,0.0075310393445398565
2019Q3,NG22,M26,0.0018010553739354253,0.0017688666727984441
2020Q3,NG22,M26,0.027445219943311137,0.02695471532297644
2020Q3,NG23,M26,0.009880870762451815,0.0023422391151363877
2021Q4,NG23,M26,0.021058475519303062,0.0049918662284187745
2023Q3,NG24,M26,0.003891533419663403,0.01379880283400088
2021Q4,NG25,M26,0.005299237332286035,0.0024125583769325503
2023Q1,NG3,M26,0.007920557050897904,0.024870647400721316
2023Q3,NG3,M26,0.008923613093420461,0.02802025581796179
2022Q3,NG31,M26,0.00846333539283916,0.032340048873810215
2020Q3,NG4,M26,0.0021518991903345555,0.004900110610462528
2020Q2,NG5,M26,0.0016527406300417375,0.008271361601208671
2023Q3,NG5,M26,0.016450093372834127,0.08232669312239348
2019Q2,NG6,M26,0.008871498911074438,0.015462491123770876
2019Q3,NG6,M26,0.009130620059260514,0.015914123761498748
2020Q4,NG6,M26,0.007721871519188713,0.013458759452171759
2021Q2,NG6,M26,0.007836470270367856,0.013658498210037215
2023Q3,NG6,M26,0.014141278997058866,0.02464740210899807
2020Q1,NG7,M26,0.009327548568325584,0.03721772142922667
2020Q2,NG7,M26,0.0015081226398020134,0.006017539107741913
2023Q1,NG7,M26,0.01405869548245756,0.05609540473487558
2023Q3,NG7,M26,0.02117373391190946,0.08448502032206298
2019Q2,NG8,M26,0.01629921586248597,0.017327253769920968
2020Q1,NG8,M26,0.009163613290101295,0.009741588446132052
2023Q3,NG8,M26,0.03813770768483602,0.04054316139092042
2022Q3,NG9,M26,0.0036258527820409296,0.01437464613359092
2023Q3,NG9,M26,0.005873182795739968,0.02328415670509791
2021Q1,NN1,M26,0.0005821583238717732,0.0022456753425274113
2022Q3,NN1,M26,0.007440349694952948,0.02870114394072882
2023Q1,NN1,M26,0.003564793557006892,0.013751188746953712
2023Q3,NN1,M26,0.006668004879286977,0.025721824334105824
2019Q1,NN10,M26,0.0025110688407168906,0.007471070971232208
2020Q1,NN10,M26,0.0011359468878819573,0.003379732041314152
2023Q2,NN10,M26,0.0010640103185150006,0.003165702379341975
2019Q1,NN11,M26,0.0012540637741060518,0.0027897313974688536
2022Q2,NN11,M26,0.0037342131670227204,0.008306955301624012
2023Q2,NN11,M26,0.004201556430584253,0.009346585185425213
2023Q3,NN11,M26,0.005107574354373474,0.011362070123953221
2019Q3,NN12,M26,0.006116669823275898,0.007972588213482144
2023Q1,NN12,M26,0.0015632127131989591,0.0020375223140196817
2023Q3,NN12,M26,0.002871790469018651,0.0037431483971495923
2019Q3,NN13,M26,0.005121924829789965,0.006795925922078166
2021Q4,NN13,M26,0.0050016351422401155,0.006636321899577853
2019Q3,NN14,M26,0.0060417757090310146,0.004263364018604585
2023Q1,NN14,M26,0.023073674112992833,0.01628188081250679
2023Q3,NN14,M26,0.01955045635866941,0.013795730957417192
2019Q2,NN15,M26,0.0015106290373778492,0.0028297325729825305
2022Q2,NN15,M26,0.0020286577942131147,0.0038001116737992843
2023Q3,NN15,M26,0.0021913283067338846,0.00410482847491599
2022Q1,NN16,M26,0.0010618167535622546,0.003739742620937242
2023Q2,NN16,M26,0.0013626657817719706,0.004799339702532414
2023Q3,NN16,M26,0.001919597684816275,0.006760866461068683
2020Q3,NN17,M26,0.001331068728015398,0.002942657427395932
2022Q1,NN17,M26,0.0023448135711379844,0.005183791734973543
2020Q1,NN18,M26,0.0018002859493278702,0.003835037574957303
2022Q1,NN18,M26,0.0033855206760397827,0.007211964859390695
2023Q1,NN18,M26,0.0032589664798735123,0.006942374299209205
2023Q3,NN18,M26,0.0026665724632884183,0.0056804340426450176
2020Q4,NN2,M26,0.001515609121914375,0.0031028624692278355
2021Q2,NN2,M26,0.005014812129691678,0.010266679002165508
2021Q4,NN2,M26,0.005466226442668887,0.011190846394375478
2019Q1,NN3,M26,0.0013445572689241144,0.004430914852267048
2020Q4,NN3,M26,0.0007230913931518617,0.0023829080899073875
2021Q2,NN3,M26,0.0026042476052887467,0.00858215537556702
2022Q1,NN3,M26,0.00156910609406538,0.0051709032093072
2023Q3,NN3,M26,0.002958447489292373,0.00974940169744274
2019Q1,NN4,M26,0.0018238245283293446,0.0050381447169512905
2019Q2,NN4,M26,0.0070372106489140565,0.019439636380686614
2022Q4,NN4,M26,0.0006320918819551902,0.0017460947181237134
2023Q1,NN4,M26,0.0021329202870274387,0.005891992847365098
2023Q2,NN4,M26,0.0027960281128594977,0.007723766210203413
2021Q3,NN5,M26,0.0022106418237360505,0.008018866702014661
2022Q1,NN5,M26,0.0019926134331056645,0.007227992041566458
2023Q2,NN5,M26,0.00272396493578089,0.00988089137120973
2023Q3,NN5,M26,0.0018979313413204691,0.006884542883524992
2021Q4,NN6,M26,0.01068226575432229,0.003507014579760008
2023Q3,NN6,M26,0.012322968693890492,0.00404566146071713
2020Q3,NN8,M26,0.0019225379054520254,0.0070925623521812566
2020Q4,NN8,M26,0.0011539245994543752,0.004257019925660012
2022Q1,NN8,M26,0.0016355003605707287,0.00603363306984341
2023Q3,NN8,M26,0.00272628647503135,0.01005772461454899
2023Q1,NP19,M26,0.0039565306880609144,0.011809896305914344
2020Q1,NP23,M26,0.0015079383188527896,0.003110141481132661
2021Q3,NR1,M26,0.002484310203289168,0.009098364201478071
2021Q4,NR13,M26,0.007361793762967381,0.003299061891029475
2023Q1,NR18,M26,0.001842491792249337,0.0027182100970095085
2023Q2,NR18,M26,0.0019431625308981805,0.002866728651838252
2023Q3,NR18,M26,0.001440578353192196,0.0021252711364319874
2021Q3,NR2,M26,0.0016199846340902724,0.006417484082952948
2022Q2,NR2,M26,0.002873757900830447,0.01138424105929636
2023Q1,NR2,M26,0.0015823419355406145,0.006268364508792613
2023Q3,NR2,M26,0.002135907065398952,0.00846128370999147
2023Q3,NR20,M26,0.0017078955775937635,0.0026768065430554525
2021Q2,NR3,M26,0.001304906027730759,0.004249139894423595
2022Q4,NR3,M26,0.003065562211117912,0.009982330078397168
2023Q1,NR3,M26,0.0020360791501542576,0.006630044586559011
2023Q3,NR3,M26,0.00354188193011514,0.011533360633456693
2023Q3,NR31,M26,0.0009280638851687793,0.0024412069650717274
2022Q1,NR32,M26,0.0026580099023936193,0.00505911361363125
2023Q1,NR32,M26,0.0016791936683724304,0.0031960872455501933
2023Q3,NR34,M26,0.002324846044237773,0.0041052291544703854
2019Q3,NR4,M26,0.0020969522506745267,0.0026035489645270665
2022Q3,NR4,M26,0.0034967312109383205,0.004341496531711433
2023Q1,NR4,M26,0.0026601985627545443,0.003302868346796219
2023Q2,NR4,M26,0.0032621169621517435,0.0040502024956669295
2023Q3,NR4,M26,0.002710918699527983,0.003365841816761823
2022Q4,NR5,M26,0.0033606137609588963,0.005254645236175565
2023Q2,NR5,M26,0.0027665292044312013,0.0043257364692385995
2023Q3,NR5,M26,0.0012003839357129695,0.001876916592633384
2022Q3,NR6,M26,0.00610805648708795,0.0072742037501732455
2021Q3,NR7,M26,0.0025160266220133056,0.005749751605555196
2022Q4,NR7,M26,0.001743071683815002,0.003983355790008849
2023Q2,NR7,M26,0.0019707998541442667,0.00450377175124104
2021Q1,NW1,M26,0.0004146747895887557,0.003136252432094009
2023Q2,NW1,M26,0.002702096651875661,0.020436393552167646
2023Q3,NW1,M26,0.002293390692832898,0.017345284349868706
2020Q4,NW10,M26,0.0008141328800818853,0.003230478907302353
2022Q3,NW10,M26,0.00433505773469545,0.01720150716976696
2023Q1,NW10,M26,0.005485126664789005,0.02176498017461272
2019Q3,NW11,M26,0.005731753649732863,0.012911831860423828
2019Q4,NW11,M26,0.0041162712053333965,0.009272659807639505
2023Q3,NW11,M26,0.006082004591664777,0.013700836682951523
2019Q1,NW2,M26,0.0021743267066634733,0.006842070850759219
2023Q2,NW2,M26,0.003062163868594557,0.009635875823697746
2020Q4,NW3,M26,0.0013564138193677805,0.006358650968382749
2022Q4,NW3,M26,0.00552048657822866,0.02587915783913124
2023Q1,NW3,M26,0.001416757125663249,0.006641530733784976
2019Q2,NW4,M26,0.006610243145717237,0.013871259053420477
2019Q3,NW4,M26,0.005133093306057524,0.01077153524070206
2020Q2,NW4,M26,0.0013136408693218712,0.002756608554305609
2022Q1,NW4,M26,0.0022585114100577342,0.004739371329224765
2022Q2,NW4,M26,0.0016553930749384695,0.0034737581767452976
2022Q3,NW4,M26,0.002533848041307833,0.005317151246661043
2023Q1,NW4,M26,0.002897526615270631,0.006080312237930321
2023Q3,NW4,M26,0.0023263272169456173,0.0048816793509604
2019Q3,NW5,M26,0.007899966400504567,0.016833215879353054
2020Q1,NW5,M26,0.0049458233731250285,0.010538540079821898
2020Q3,NW5,M26,0.001316170067662117,0.002804489761055703
2020Q4,NW5,M26,0.001649412193803923,0.0035145607113677628
2022Q2,NW5,M26,0.002921361003120692,0.006224823997215122
2022Q3,NW5,M26,0.0059064056327174635,0.012585344803518377
2023Q2,NW5,M26,0.0029497867163164613,0.006285393389854362
2019Q4,NW6,M26,0.00476041528627082,0.013683741021964044
2022Q4,NW6,M26,0.0027756621349214893,0.007978598406798055
2020Q1,NW7,M26,0.021466091241295882,0.007587468381783691
2020Q1,NW8,M26,0.0016869024111297976,0.007514411143032502
2022Q3,NW8,M26,0.0010576102315075317,0.004711190200565714
2023Q3,NW8,M26,0.0007484884566353126,0.0033341881319646897
2020Q3,NW9,M26,0.0011809210703327357,0.005454918233446878
2020Q4,NW9,M26,0.0009668994565088289,0.004466308212905192
2021Q2,NW9,M26,0.0013802254453784244,0.006375546289593033
2021Q4,NW9,M26,0.0017353475017125534,0.008015928385282438
2023Q2,NW9,M26,0.0020436722084149627,0.00944014386137623
2023Q3,NW9,M26,0.0020055201522895037,0.009263911637368566
2019Q1,OL10,M26,0.4765358448396185,0.7226985668085674
2019Q2,OL10,M26,0.7309244506178005,1.108495947633501
2019Q3,OL10,M26,0.6284326958591047,0.9530603280974014
2019Q4,OL10,M26,0.7286474725381761,1.1050427576738808
2020Q1,OL10,M26,0.4955234465951899,0.7514945382438358
2020Q2,OL10,M26,0.3763902009314813,0.5708209817154873
2020Q3,OL10,M26,0.6749336873373114,1.0235822001882362
2020Q4,OL10,M26,0.7504593021040541,1.1381218599857712
2021Q2,OL10,M26,0.8755393311100824,1.327814112264199
2021Q3,OL10,M26,0.6549717098140755,0.993308522556362
2021Q4,OL10,M26,0.7773711046187253,1.178935413295982
2022Q1,OL10,M26,0.5230913058959435,0.7933030456675331
2022Q2,OL10,M26,0.7876213809348963,1.1944806447477352
2022Q3,OL10,M26,0.5405544199683846,0.8197870292940221
2022Q4,OL10,M26,0.716691113922739,1.086910137999628
2023Q1,OL10,M26,0.3748263031655571,0.5684492258731773
2023Q2,OL10,M26,0.5123788527875904,0.7770568921152929
2023Q3,OL10,M26,0.5126202450489035,0.7774229796681578
2020Q1,OL11,M26,0.33800344247358083,0.6447464930610485
2020Q2,OL11,M26,0.22324297323875011,0.4258392253133812
2020Q4,OL11,M26,0.44007267197226896,0.8394450360318535
2021Q1,OL11,M26,0.15937755590149708,0.3040150108771844
2023Q2,OL11,M26,0.5505818743460904,1.0502429502781387
2020Q2,OL12,M26,0.15170311191094987,0.09042636353454428
2020Q4,OL12,M26,0.221684539032597,0.13214051092318144
2019Q1,OL13,M26,0.0989262621055417,0.016454306580747712
2019Q2,OL13,M26,0.11267177546389705,0.018740584118120397
2019Q4,OL13,M26,0.028770986308556627,0.004785449477980085
2020Q3,OL13,M26,0.08397707281984819,0.013967822826029451
2021Q1,OL13,M26,0.00999797796616909,0.0016629537105869396
2021Q4,OL13,M26,0.08843083434818784,0.014708612542178397
2022Q2,OL13,M26,0.12643535600595165,0.021029866752151027
2022Q3,OL13,M26,0.1124662110626972,0.01870639279614543
2022Q4,OL13,M26,0.07932537525675948,0.013194110606494464
2023Q1,OL13,M26,0.0586974693879202,0.009763091582217871
2023Q2,OL13,M26,0.056582805909171,0.00941136171338559
2023Q3,OL13,M26,0.1963698106688353,0.032661994895765864
2020Q2,OL14,M26,0.019819964353667487,0.00909909878066113
2021Q1,OL14,M26,0.01977370734537813,0.009077862764278242
2020Q2,OL15,M26,0.17554943526779565,0.031334743871835435
2021Q1,OL15,M26,0.1835617421951802,0.032764902761319416
2020Q2,OL16,M26,0.09485005558922947,0.26276184531587765
2021Q1,OL16,M26,0.07960095507230976,0.22051746531692565
2020Q2,OL2,M26,0.1123631518880043,0.10219418848724723
2021Q1,OL2,M26,0.14935794462845126,0.13584092016786234
2020Q2,OL3,M26,0.1751066721445559,0.003814269018054542
2023Q1,OL3,M26,0.22138116326541185,0.004822245217058609
2022Q1,OL9,M26,0.3069383134121887,0.8358681696497775
2022Q4,OL9,M26,0.4417147934847179,1.2028975198071146
2019Q2,OX1,M26,0.003738135735322427,0.009006675363447559
2022Q4,OX1,M26,0.001232519652216214,0.0029696365173918003
2023Q3,OX1,M26,0.003454015135469307,0.008322114344765255
2023Q2,OX10,M26,0.0020548114494092305,0.002418501790322729
2019Q3,OX11,M26,0.003652768948870976,0.011331284578190607
2020Q3,OX11,M26,0.0018040068757511844,0.005596224556296527
2023Q3,OX13,M26,0.0036431541309637047,0.001808133269129065
2019Q3,OX14,M26,0.002446631774798459,0.0072342693545853
2020Q1,OX14,M26,0.0009228903739831018,0.002728828105200952
2022Q3,OX14,M26,0.002922520061762165,0.008641389169691613
2023Q3,OX14,M26,0.001266069270115868,0.003743549076703986
2020Q3,OX15,M26,0.019612872415656055,0.0026175059690051274
2019Q3,OX16,M26,0.0025645721913379826,0.01390030832111405
2019Q4,OX16,M26,0.0021966012804775963,0.011905859059191731
2020Q3,OX16,M26,0.0019014705231364835,0.010306212718199058
2020Q4,OX16,M26,0.0008001451437757329,0.0043368887168359
2022Q3,OX16,M26,0.0020606543498396307,0.011169009358661
2023Q3,OX16,M26,0.0017843743088186265,0.00967153630403882
2023Q3,OX17,M26,0.014064160451025777,0.003253517981680013
2019Q1,OX18,M26,0.004504023537532806,0.007344523011969408
2019Q2,OX18,M26,0.00635467795657889,0.010362307855814231
2019Q3,OX18,M26,0.003309882528350137,0.005397287157539861
2019Q4,OX18,M26,0.0047847545851663715,0.007802299402864654
2020Q1,OX18,M26,0.0025018030196841197,0.004079585662989163
2020Q3,OX18,M26,0.003535122610331847,0.005764576749067777
2020Q4,OX18,M26,0.004521018925536881,0.007372236681148331
2022Q4,OX18,M26,0.004595880538239165,0.007494310385387066
2019Q3,OX2,M26,0.004245967485897287,0.008769205947543329
2020Q1,OX2,M26,0.002418114293361981,0.004994136745893674
2021Q3,OX2,M26,0.0032115959375299697,0.0066329161233655036
2022Q1,OX2,M26,0.0011892847740074485,0.002456232448361506
2022Q2,OX2,M26,0.004298154909437918,0.008876988747675339
2022Q4,OX2,M26,0.002293789235422865,0.0047373679314527935
2019Q4,OX26,M26,0.0036376633132754843,0.012175316059521758
2020Q3,OX26,M26,0.0009896231918520404,0.00331228431632448
2023Q2,OX28,M26,0.0016009935016235194,0.005039079635911544
2023Q3,OX28,M26,0.001341912534087608,0.004223629962793838
2023Q3,OX29,M26,0.00261613665534084,0.0016855253254844731
2022Q2,OX3,M26,0.005706901775248797,0.01018113391730237
2023Q2,OX4,M26,0.0029173115668099754,0.015958999871590884
2023Q3,OX4,M26,0.0039367757187540155,0.02153592502935076
2020Q1,OX5,M26,0.001101868269227274,0.0011692497196476876
2021Q2,OX5,M26,0.0014770031571628376,0.0015673248569382165
2022Q4,OX5,M26,0.0023231805943682705,0.002465247738335373
2021Q2,OX7,M26,0.004761019692350211,0.006266494670872108
2021Q3,OX7,M26,0.0017798901492714863,0.0023427065746165136
2022Q1,OX7,M26,0.0032720023866628137,0.0043066374104791475
2022Q4,OX7,M26,0.002475843889973205,0.0032587268158871365
2023Q3,OX7,M26,0.004437624697582204,0.005840839424254118
2021Q2,OX9,M26,0.0008199547548533841,0.001349822638827958
2022Q3,OX9,M26,0.0023031589156263664,0.003791497063379812
2019Q4,PA1,M26,0.0009764762831453028,0.0018528090394440058
2019Q2,PA34,M26,0.004267297027641511,0.003577534181333367
2023Q3,PA4,M26,0.001917423935145025,0.0022823375217544705
2021Q3,PE1,M26,0.003939368103748011,0.011588253732408682
2023Q1,PE1,M26,0.0027047017767447843,0.00795629391160345
2022Q2,PE10,M26,0.004967498287328862,0.007909547963590806
2023Q3,PE10,M26,0.005378262021697572,0.008563590556213427
2023Q3,PE11,M26,0.004615747030895028,0.013270573621458004
2019Q4,PE12,M26,0.00204832687162957,0.0029800541858060465
2023Q2,PE12,M26,0.0028812901823177892,0.004191909498070972
2023Q3,PE12,M26,0.0021984686575589885,0.0031984913228765587
2021Q3,PE13,M26,0.00261236512417392,0.0073089960914797985
2021Q4,PE13,M26,0.0017751117566166767,0.004966489856640482
2022Q1,PE13,M26,0.001254328609723139,0.0035094186570863717
2022Q2,PE13,M26,0.00256723010740983,0.007182715251919928
2022Q4,PE13,M26,0.0008190656981895883,0.002291619931431267
2023Q3,PE13,M26,0.002420893360830964,0.0067732875272549
2023Q2,PE15,M26,0.0017113742561189868,0.0029751124713018533
2023Q3,PE15,M26,0.0036483528983614452,0.006342423446429788
2023Q3,PE19,M26,0.0021227333208445366,0.005881040939544993
2021Q3,PE20,M26,0.009665648134660716,0.004276118984419465
2021Q4,PE20,M26,0.012542111690235098,0.005548677249175096
2022Q3,PE20,M26,0.006322906455494322,0.002797277529076609
2023Q2,PE20,M26,0.008802376982565316,0.003894204589156164
2023Q3,PE21,M26,0.007619345806291005,0.026227548711676898
2021Q2,PE23,M26,0.014849129933698356,0.005254845575952761
2023Q3,PE24,M26,0.03165990255859627,0.002600276748166181
2023Q3,PE26,M26,0.002612120960098484,0.0018166143196970727
2021Q3,PE28,M26,0.013996452566517485,0.02251244788333489
2022Q1,PE28,M26,0.0018688287135036961,0.0030058980170644656
2022Q2,PE28,M26,0.005664362867308924,0.009110785267664291
2023Q1,PE28,M26,0.0061354312620350605,0.009868470305023514
2023Q3,PE28,M26,0.0033096851889642905,0.005323428559679885
2022Q3,PE29,M26,0.0033269247080535184,0.008516310368794923
2023Q1,PE29,M26,0.002336266665399165,0.0059804094690347285
2019Q1,PE3,M26,0.0013546651540508527,0.003695066850622301
2020Q1,PE3,M26,0.0021768361437735397,0.005937670316566024
2021Q2,PE3,M26,0.0032593049705140226,0.008890277952896077
2023Q1,PE30,M26,0.0011977747613739825,0.005834361771458081
2022Q2,PE31,M26,0.006244131875805871,0.0025467860276545697
2023Q2,PE37,M26,0.004794538983614171,0.003369982172157229
2023Q3,PE4,M26,0.0027607685565075066,0.002959419188754751
2019Q1,PE6,M26,0.002888112114256189,0.0035848799731639266
2021Q3,PE6,M26,0.004718992918999907,0.005857467625761475
2022Q3,PE6,M26,0.002258540042406669,0.002803421282243985
2022Q4,PE6,M26,0.008683758280722566,0.010778747472681156
2023Q3,PE6,M26,0.005341194338495696,0.006629777466856083
2021Q4,PE7,M26,0.002543457866771185,0.006255208863423341
2023Q1,PE7,M26,0.0010412077838061805,0.0025606762522068986
2023Q3,PE7,M26,0.001453210540454796,0.0035739280653438203
2021Q3,PE8,M26,0.009992985736493029,0.003086634947274875
2023Q3,PE8,M26,0.011169762988472252,0.003450118083036047
2019Q3,PE9,M26,0.003656311599930387,0.009054356230420457
2020Q1,PE9,M26,0.0022012837673099357,0.005451178557605865
2020Q3,PE9,M26,0.00246626085017984,0.006107358107851921
2021Q2,PE9,M26,0.0012964083331862186,0.003210378149656916
2022Q1,PE9,M26,0.0018222635251222185,0.00451258670143771
2023Q3,PE9,M26,0.0017386660330708545,0.00430556893166743
2019Q3,PH1,M26,0.0044206267568962735,0.01454720546168331
2023Q3,PH2,M26,0.0023013979483456327,0.0033120839765472827
2019Q2,PL19,M26,0.0020604313290947533,0.002735773217477116
2020Q1,PL3,M26,0.0006879439383812733,0.002347314389492046
2019Q2,PL31,M26,0.0005118816464291985,0.0007927444983687077
2022Q2,PL5,M26,0.004611319320045918,0.0028429549982775357
2023Q1,PO1,M26,0.002206013294130568,0.008281245030217058
2020Q1,PO13,M26,0.0018394675735040214,0.003396159903044309
2023Q1,PO14,M26,0.0026926631756996728,0.003907159894748239
2023Q2,PO14,M26,0.0033763220167986443,0.004899175691502274
2023Q3,PO14,M26,0.0014863769499140686,0.002156791261377656
2019Q1,PO16,M26,0.0012049392288466648,0.0035016054057756874
2023Q3,PO2,M26,0.003858605877651828,0.009073989528585766
2022Q3,PO32,M26,0.008727392891971369,0.003452121480808018
2020Q1,PO5,M26,0.0012337466253392047,0.0014588742575488828
2023Q3,PO5,M26,0.002793578255471441,0.003303335806276345
2023Q3,PO6,M26,0.0012848202337697571,0.003540538102477647
2023Q3,PO9,M26,0.0007827553165695733,0.00322299955562033
2021Q1,PR2,M26,0.003970301699414147,0.010993378153984924
2020Q2,PR25,M26,0.013040828789003115,0.030574521197298383
2021Q1,PR25,M26,0.0120223202361524,0.028186604612961068
2019Q1,PR3,M26,0.015853000246847257,0.018338568965211653
2019Q3,PR3,M26,0.02586881833501349,0.02992475251992264
2020Q1,PR3,M26,0.029537536448888294,0.0341686835801391
2020Q2,PR3,M26,0.006414353937292222,0.007420051107972694
2020Q3,PR3,M26,0.02534493016829048,0.029318724693901576
2020Q4,PR3,M26,0.03124405524740057,0.03614276496471306
2023Q3,PR3,M26,0.015899240954455534,0.01839205968572326
2020Q1,PR4,M26,0.02414303184448838,0.047659764516365326
2020Q2,PR4,M26,0.006816863611927264,0.013456889614251255
2020Q3,PR4,M26,0.038524577237104236,0.07604978078310712
2020Q4,PR4,M26,0.029817465013221994,0.058861429258709436
2019Q3,PR5,M26,0.07725858906939066,0.2012624086509633
2020Q1,PR5,M26,0.03840873266218784,0.10005662984448052
2020Q3,PR5,M26,0.057753372652784435,0.15045036452032814
2020Q4,PR5,M26,0.04014782354930787,0.10458704678608877
2021Q1,PR5,M26,0.009385594687999795,0.02444993386860752
2020Q1,PR6,M26,0.10202352492578788,0.11465532262890345
2020Q2,PR6,M26,0.027598613358791317,0.031015669386686283
2021Q1,PR6,M26,0.03374059816515853,0.03791810929030754
2022Q3,PR6,M26,0.09214011163707916,0.10354821826139636
2023Q1,PR6,M26,0.0802994944361858,0.09024158348004288
2023Q3,PR6,M26,0.1195059664652202,0.13430231067898898
2020Q1,PR7,M26,0.04935247344489714,0.19841992111216586
2020Q2,PR7,M26,0.015619610347046313,0.06279810588063138
2021Q1,PR7,M26,0.005663826639857094,0.02277122009554774
2023Q3,PR7,M26,0.07573463171652531,0.3044884805506268
2020Q2,PR8,M26,0.0019031002551799547,0.006290401884284288
2023Q3,PR8,M26,0.011845322203822265,0.03915287011709866
2020Q1,PR9,M26,0.010447012182060744,0.01532131836077269
2020Q2,PR9,M26,0.005820146463351088,0.008535676547257306
2023Q3,PR9,M26,0.03146607466435308,0.046147332758379095
2023Q1,RG1,M26,0.0030168218561558765,0.017471298069725645
2023Q3,RG1,M26,0.004154006584802743,0.024057067565524108
2020Q1,RG10,M26,0.0033610448037449635,0.0021286101327186047
2020Q3,RG12,M26,0.0006426131673623787,0.0040379817692579095
2021Q2,RG12,M26,0.0011788981765647598,0.007407830381563674
2023Q1,RG12,M26,0.0006437290550792005,0.004044993661459806
2023Q2,RG12,M26,0.0012606555499505535,0.007921568350222629
2019Q4,RG14,M26,0.0023316779068287587,0.012641239601356352
2021Q2,RG18,M26,0.0026924162860776997,0.0012975339569795288
2019Q2,RG2,M26,0.003301070329409237,0.006188428937690993
2022Q1,RG2,M26,0.0008962892721219158,0.0016802497113516178
2022Q3,RG2,M26,0.003295727004787072,0.0061784119488311395
2019Q3,RG24,M26,0.0012328084812615132,0.002246009242156073
2020Q1,RG30,M26,0.0010159366293764902,0.0038742373913621905
2023Q3,RG30,M26,0.0011490774755912527,0.004381965166705236
2022Q2,RG31,M26,0.003710885489521101,0.0022872124563329322
2022Q1,RG4,M26,0.0009303688268451567,0.001967069492372054
2022Q3,RG4,M26,0.0029679195132853065,0.006275042501365848
2020Q1,RG40,M26,0.003184830063338077,0.005191604986284228
2022Q2,RG40,M26,0.00234759443775036,0.003826823644092224
2023Q3,RG40,M26,0.002677171215548138,0.004364068146608968
2021Q3,RG5,M26,0.001585513672153727,0.0024605731435341084
2021Q2,RG6,M26,0.0013570239981778773,0.00300062240293161
2020Q4,RG7,M26,0.006481260919988663,0.0063466973616766575
2019Q2,RG8,M26,0.06554067606405954,0.03597094021580372
2020Q1,RG8,M26,0.08307504483771999,0.04559439497331525
2020Q4,RG8,M26,0.03010447688269966,0.016522355325068974
2021Q1,RG8,M26,0.006379474659822336,0.003501271506147025
2021Q3,RG8,M26,0.035500930833448865,0.01948411181122436
2020Q3,RH10,M26,0.0006030903785172029,0.002885493810969041
2023Q1,RH10,M26,0.0007323509491262847,0.00350394270317632
2023Q3,RH10,M26,0.0019752399774814857,0.00945056152979048
2023Q3,RH11,M26,0.0013755736401193516,0.003827023983869422
2022Q1,RH12,M26,0.0003486432306564797,0.0016721693403380035
2023Q3,RH13,M26,0.0016947620055801215,0.0022493482384426905
2021Q3,RH16,M26,0.0030044659005300967,0.01006540430600821
2022Q2,RH16,M26,0.000980565178828174,0.003285038106625682
2019Q3,RH2,M26,0.0020575311057854377,0.0038844547199992398
2022Q2,RH2,M26,0.0021473057919785933,0.00405394217150794
2021Q4,RH6,M26,0.0015126011481627869,0.003416060320912549
2023Q1,RM1,M26,0.0012586488248937126,0.0025213428759505462
2023Q3,RM1,M26,0.0008592455096311961,0.0017212525857512794
2023Q3,RM10,M26,0.0049112727305029025,0.006303357189876364
2019Q3,RM11,M26,0.0016246127499767195,0.00331909586874918
2022Q4,RM12,M26,0.0019785223426245983,0.0036362337360521025
2019Q4,RM13,M26,0.006501119196513036,0.00939833962786778
2019Q3,RM14,M26,0.0005716849320688261,0.0007189526804344628
2022Q1,RM14,M26,0.003228538349413397,0.004060219484526782
2022Q2,RM14,M26,0.0048120620684570965,0.006051663649791143
2019Q2,RM15,M26,0.0010933069998782282,0.0017325383932000466
2019Q2,RM17,M26,0.0015439424783053304,0.004933500573328703
2022Q1,RM17,M26,0.0006764113628440563,0.002161399076253188
2022Q3,RM17,M26,0.001312446196212282,0.0041937793359914785
2023Q1,RM17,M26,0.0021786397868876076,0.0069616069178201215
2023Q3,RM19,M26,0.010676546662453788,0.002699177818175789
2019Q4,RM2,M26,0.002079092213052241,0.003608787186576106
2023Q2,RM3,M26,0.0024128337434491482,0.0031450006023649468
2019Q3,RM6,M26,0.005111449824274124,0.00423277881261917
2019Q4,RM7,M26,0.0017382270405810088,0.003068737927178605
2022Q1,RM7,M26,0.0014969715825080714,0.0026428155608576873
2023Q1,RM7,M26,0.0033587767951687737,0.005929723505403875
2019Q1,RM8,M26,0.0013031818085305481,0.0022513516362146608
2020Q1,RM8,M26,0.0021815432784454067,0.003768791888630813
2023Q3,RM8,M26,0.002162756864927006,0.0037363368447248923
2023Q3,RM9,M26,0.005619655461732676,0.009227850477473095
2020Q1,S1,M26,0.03297155066650887,0.0471801510897556
2021Q3,S1,M26,0.007222499232414883,0.010334928086263968
2022Q3,S1,M26,0.021685185145691517,0.031030093850644463
2023Q1,S1,M26,0.006634846591668389,0.009494035261442236
2020Q1,S10,M26,0.021708832183023708,0.028059522414292413
2022Q1,S10,M26,0.012985134413093822,0.016783798734311118
2022Q4,S10,M26,0.03004472738698581,0.038833995971726695
2023Q1,S10,M26,0.019035598427929262,0.02460426227697497
2023Q2,S10,M26,0.017821558367296313,0.02303506758211625
2020Q1,S11,M26,0.014244984490354813,0.017725462467062966
2022Q4,S14,M26,0.02658430812021579,0.004140288615479867
2020Q1,S2,M26,0.014930074617779218,0.031169997795053736
2021Q1,S2,M26,0.0015780380394799006,0.003294520856079675
2023Q3,S2,M26,0.021477361928498445,0.044838980453430925
2019Q2,S21,M26,0.02779469775248604,0.0069777676598473505
2019Q1,S25,M26,0.009920875724551376,0.00794060062905635
2019Q3,S25,M26,0.005347362611639536,0.004279992220111941
2020Q1,S3,M26,0.028858972482820083,0.06653210542795564
2023Q1,S3,M26,0.018022704061804142,0.0415499355512613
2023Q3,S3,M26,0.020183196972599727,0.04653078309193424
2020Q3,S35,M26,0.004588282584670989,0.007281883441632465
2020Q1,S4,M26,0.01002986896764198,0.005213909481478833
2021Q1,S4,M26,0.003328858990707857,0.0017304682155023436
2022Q3,S4,M26,0.01648191785462157,0.008567931251386031
2023Q1,S4,M26,0.012737995251094779,0.006621697095842469
2023Q3,S4,M26,0.009831393795309808,0.005110734496222354
2023Q2,S41,M26,0.00403863333368479,0.014265327395167062
2021Q2,S42,M26,0.006604419370559438,0.0033739221877754372
2022Q3,S42,M26,0.005149494136619914,0.0026306616143744
2022Q4,S42,M26,0.020724122355172528,0.010587089085829315
2023Q3,S42,M26,0.013587014725106929,0.00694103870069456
2021Q4,S44,M26,0.009060155877074727,0.0031472043399141145
2022Q3,S44,M26,0.014807149167459885,0.005143523439756937
2021Q3,S45,M26,0.026202654401095773,0.004041253985618796
2020Q2,S6,M26,0.0014302947772198314,0.004344034168889262
2022Q3,S6,M26,0.01363659091565067,0.04141650925964807
2022Q4,S6,M26,0.02278640977988395,0.06920597365427887
2020Q4,S60,M26,0.0029388904890382717,0.003319362988452109
2022Q3,S60,M26,0.006305908488460121,0.007122279419132151
2023Q3,S60,M26,0.011511196398852256,0.01300145052075664
2023Q1,S61,M26,0.005673326125618765,0.005783809367678694
2023Q3,S62,M26,0.005708400899497318,0.005656660389084302
2020Q4,S65,M26,0.0013221951567201642,0.0032131161266119425
2023Q3,S65,M26,0.010138020330312513,0.024636784100806632
2020Q1,S66,M26,0.005697520846309015,0.010830168015495065
2023Q3,S66,M26,0.0027942539050104533,0.005311474952973794
2022Q3,S7,M26,0.006281653195068611,0.010579743293998757
2022Q1,S70,M26,0.01929312657312476,0.05684607788003291
2023Q1,S70,M26,0.009330018164672034,0.02749035710727561
2020Q1,S71,M26,0.004576902550410177,0.011118323395030149
2021Q1,S71,M26,0.0003802447930067125,0.0009236999327298427
2023Q3,S71,M26,0.01143378938670748,0.027775240270449805
2021Q2,S72,M26,0.00418992142548949,0.001491128961677607
2022Q1,S72,M26,0.012131425951870708,0.004317388978522054
2022Q2,S72,M26,0.012999846228513877,0.004626446474811364
2022Q3,S72,M26,0.005517696247772782,0.001963663716159704
2023Q1,S72,M26,0.010911171617598766,0.0038831191214845936
2022Q3,S73,M26,0.008292484267512158,0.0043545186172292425
2023Q3,S73,M26,0.006019035998916533,0.003160693884912049
2020Q1,S74,M26,0.004811296748846919,0.003850330177950011
2020Q1,S75,M26,0.0065610075907390035,0.005902410515779344
2022Q3,S75,M26,0.010269157899473148,0.009238334925813076
2023Q3,S75,M26,0.011596190831155102,0.010432159658130269
2020Q1,S80,M26,0.009499278602319793,0.012858274359986484
2020Q4,S80,M26,0.007246402383137291,0.009808769051418795
2022Q3,S80,M26,0.017278102756122092,0.023387732369908786
2023Q1,S81,M26,0.0032282178804979773,0.005289170457779189
2023Q3,S9,M26,0.011717360165493216,0.015266558821672162
2023Q1,SA1,M26,0.003262417488221805,0.012954170333338136
2023Q3,SA1,M26,0.0035555898881469658,0.014118277998704434
2023Q3,SA12,M26,0.0009452709034203408,0.0017992515390066624
2020Q1,SE1,M26,0.0022704329944994253,0.014381257346238425
2020Q2,SE1,M26,0.00032269535644099885,0.0020439999668157194
2020Q4,SE1,M26,0.0008785562416015848,0.0055649047711280545
2022Q2,SE1,M26,0.0015814265377074562,0.010016988859852258
2023Q1,SE1,M26,0.0011149057090837566,0.007061977146195842
2020Q3,SE10,M26,0.0008580767314881997,0.002645419977961249
2022Q3,SE10,M26,0.001636787755292935,0.0050461583080391725
2023Q3,SE10,M26,0.0017713672154013864,0.0054610619866142535
2022Q1,SE11,M26,0.0011941580150629408,0.002305576935909328
2022Q4,SE11,M26,0.001703815317074597,0.003289579141575481
2023Q1,SE11,M26,0.0023064803208242475,0.00445315256753592
2020Q1,SE13,M26,0.0009067791873824668,0.002675203824837876
2020Q3,SE13,M26,0.0017622436364275382,0.0051990175580405185
2021Q2,SE13,M26,0.0007001168313963978,0.002065503102901536
2022Q1,SE13,M26,0.0006459047456804466,0.0019055651807725613
2022Q4,SE13,M26,0.0015040175513137293,0.004437192165285889
2023Q2,SE13,M26,0.001119621042074362,0.003303135466499148
2020Q3,SE14,M26,0.0016047788802144767,0.0025695579823293013
2021Q4,SE14,M26,0.001756339939799159,0.0028122362324406553
2022Q4,SE14,M26,0.0017002448310645972,0.0027224172323306465
2023Q2,SE15,M26,0.0028749343136501237,0.011318262492672796
2020Q4,SE16,M26,0.00043219529376993103,0.0027767093119510453
2022Q3,SE16,M26,0.0016939290630063573,0.01088292415682362
2022Q4,SE16,M26,0.0012766911773108595,0.008202311158001423
2023Q1,SE16,M26,0.0021158755698677477,0.013593788462002569
2021Q2,SE17,M26,0.00037997544011725385,0.0015009456107602625
2022Q2,SE17,M26,0.001449996152492292,0.005727647450137789
2023Q1,SE17,M26,0.0017400494816474676,0.00687339063592769
2019Q1,SE18,M26,0.001419186139346195,0.003222799215843133
2021Q2,SE19,M26,0.005928278477057118,0.0024661826572956263
2022Q3,SE2,M26,0.004098581715518902,0.004361797629134068
2023Q3,SE2,M26,0.005048240844716389,0.005372445025167427
2019Q3,SE21,M26,0.0018060564238243121,0.0017455604787178546
2021Q3,SE21,M26,0.0021489715327206,0.0020769892501274994
2023Q2,SE22,M26,0.0038751661716325595,0.005060983451551755
2020Q1,SE23,M26,0.0018177667101733038,0.002272320532894618
2020Q3,SE25,M26,0.0028640273422653965,0.0043494433428735825
2022Q4,SE26,M26,0.004896949863262353,0.003259327835218728
2019Q1,SE28,M26,0.003643744724951229,0.003702813322007253
2023Q3,SE28,M26,0.004104141412712884,0.004170673481688086
2020Q3,SE3,M26,0.0015147537158815116,0.003321032486595417
2022Q1,SE3,M26,0.0010628343721616187,0.002330218728504565
2023Q1,SE4,M26,0.0017502791536553374,0.002304575237023343
2023Q3,SE4,M26,0.0018713938050296905,0.0024640456996721906
2020Q3,SE5,M26,0.0016722232411422455,0.006767277333938988
2022Q4,SE5,M26,0.0014631313922764473,0.005921108894984402
2019Q3,SE6,M26,0.004050828578893772,0.011856642253926993
2020Q1,SE6,M26,0.000661099020557967,0.0019350151280205265
2022Q3,SE9,M26,0.0018603473158569934,0.005709416530412858
2023Q1,SE9,M26,0.0005791934693258335,0.0017775480631436493
2023Q2,SE9,M26,0.0011613679855108465,0.0035642449761126307
2023Q3,SE9,M26,0.0010535715903256268,0.003233417224034577
2019Q4,SG1,M26,0.004184808943572165,0.021739937702463092
2022Q3,SG13,M26,0.0078049075866036795,0.007972855333185074
2021Q2,SG14,M26,0.0035084133016571204,0.003725051037276125
2022Q1,SG14,M26,0.004361851929329365,0.004631187849538361
2023Q1,SG14,M26,0.004405690585345841,0.0046777334577738075
2023Q3,SG14,M26,0.002692083435892653,0.002858314381195976
2019Q4,SG19,M26,0.002246557286141028,0.001534602693329366
2021Q4,SG19,M26,0.006065313626926093,0.004143160152286358
2020Q1,SG4,M26,0.001653023675176555,0.002543246691590756
2022Q4,SG4,M26,0.0021742270228165108,0.0033451400397847947
2023Q1,SG5,M26,0.0031138347045565466,0.003585748112198447
2019Q3,SG8,M26,0.0010687561992889164,0.002685154033771996
2021Q3,SG8,M26,0.002392866692556012,0.006011862814054664
2023Q3,SG8,M26,0.004053400554083941,0.010183805114331665
2020Q2,SK12,M26,0.07105956767882929,0.006536018451127865
2020Q2,SK13,M26,0.04795197201298548,0.08584452605012212
2020Q2,SK2,M26,0.03574951788862053,0.07642481684602001
2020Q2,SK22,M26,0.0313954106312577,0.01103164305142956
2020Q2,SK23,M26,0.007647214825432984,0.007695184401989969
2020Q1,SK3,M26,0.1516025359442444,0.21199280745741425
2020Q1,SK5,M26,0.21909840524229368,0.31228009516537425
2020Q3,SK5,M26,0.3701550797264617,0.5275805791242374
2022Q3,SK5,M26,0.3053009243740182,0.4351442066050752
2020Q2,SK7,M26,0.020291570795504654,0.034756213366732305
2020Q1,SK8,M26,0.14772404895803182,0.6351558940269973
2022Q1,SK8,M26,0.14700036858008186,0.6320443501674242
2020Q2,SK9,M26,0.01909668976099235,0.05632933481471599
2021Q3,SL0,M26,0.0034962679583277157,0.002345177431868611
2019Q1,SL1,M26,0.001749262122495829,0.009264445876774424
2019Q4,SL1,M26,0.004895389442506672,0.0259269722659556
2020Q1,SL1,M26,0.0012657818129400693,0.006703836404493257
2022Q1,SL1,M26,0.0013394563239126935,0.007094031510547369
2022Q3,SL1,M26,0.001757798429859934,0.009309655886495223
2023Q1,SL1,M26,0.002366221530657818,0.01253198764285823
2020Q1,SL2,M26,0.0031273993043106863,0.004544373946086307
2020Q3,SL2,M26,0.0027005472141058712,0.003924121995884256
2021Q2,SL2,M26,0.003110349118537001,0.004519598593639606
2021Q3,SL2,M26,0.0039586303288083715,0.005752222462807293
2022Q3,SL2,M26,0.002633311575866245,0.0038264229645378297
2019Q2,SL3,M26,0.0037951595128208468,0.005570714624666771
2021Q4,SL3,M26,0.002530121506928946,0.0037138320097530905
2019Q2,SL4,M26,0.0045612626267672604,0.011618104359211042
2019Q3,SL4,M26,0.004648489145133326,0.011840281172122566
2021Q4,SL5,M26,0.0026626087175695076,0.0024032759672557536
2020Q4,SL6,M26,0.0008210749365958868,0.00437241563732551
2019Q3,SL9,M26,0.0017949001800045548,0.002479805762145025
2021Q3,SL9,M26,0.0022747292877469253,0.0031427300848900475
2020Q1,SM1,M26,0.0007976168640182321,0.003306340902934301
2022Q1,SM1,M26,0.0010839218650752097,0.004493153743049596
2023Q1,SM1,M26,0.0021311937257949935,0.0088343831550581
2023Q2,SM1,M26,0.0013992246717760405,0.005800170449483119
2019Q2,SM3,M26,0.002829110875055418,0.0042726464282813814
2019Q3,SM3,M26,0.002825440782330553,0.004267103694445597
2023Q3,SM4,M26,0.003372653490779741,0.0035558974853960867
2023Q2,SM6,M26,0.001635399266669149,0.003405108413092444
2021Q3,SM7,M26,0.0024091656766269697,0.003372052349854932
2020Q1,SN1,M26,0.001472464402591767,0.006855426835905688
2023Q1,SN1,M26,0.0015079646548533234,0.00702070715209325
2023Q2,SN1,M26,0.00167330259740644,0.00779047935601003
2022Q1,SN10,M26,0.0009114656832063565,0.0016115999476987634
2019Q2,SN11,M26,0.0016962070617900342,0.002294291128460561
2020Q1,SN11,M26,0.0032077647345040783,0.004338825334682139
2023Q3,SN12,M26,0.0013807933110943028,0.002783988323855872
2019Q1,SN14,M26,0.0021423400451825066,0.003373054048740917
2019Q3,SN14,M26,0.0023437225542802405,0.003690125136118108
2019Q4,SN14,M26,0.0020943696117811717,0.003297525952737631
2020Q1,SN14,M26,0.0014269401334404091,0.002246677041413397
2022Q4,SN14,M26,0.002788053465254937,0.004389711638090189
2023Q3,SN14,M26,0.0016484693762831776,0.0025954685935134524
2019Q3,SN15,M26,0.001963870860499353,0.0036835807033963365
2022Q3,SN15,M26,0.0015487378976019193,0.002904926769357155
2020Q3,SN2,M26,0.0027478083250023987,0.0086196856938286
2020Q2,SN25,M26,0.044107828346419284,0.13131257340395178
2022Q1,SN25,M26,0.053092792897694856,0.15806153977574686
2022Q2,SN25,M26,0.06839253967712668,0.20361012372000967
2022Q4,SN3,M26,0.008669634319032338,0.009450628309716212
2020Q4,SN6,M26,0.024672291345947617,0.01626545295077663
2021Q2,SN6,M26,0.02803428204165478,0.018481878685833283
2021Q4,SN6,M26,0.09664847045894212,0.06371646341930264
2022Q1,SN6,M26,0.0754115075991112,0.04971578486981287
2022Q2,SN6,M26,0.08485000018858398,0.05593820478970162
2022Q3,SN6,M26,0.09605467746532252,0.06332499949465961
2022Q4,SN6,M26,0.09539088942588383,0.06288739064133553
2023Q2,SN6,M26,0.037625122748221385,0.024804735614023483
2019Q4,SO14,M26,0.0017857573341131946,0.0018254292698937434
2022Q4,SO14,M26,0.009646617348716174,0.00986092417341576
2023Q1,SO14,M26,0.00842066080465295,0.008607732087122509
2022Q4,SO15,M26,0.004211223936633074,0.006794389983786322
2023Q1,SO15,M26,0.0038846091514982586,0.006267429589832361
2023Q3,SO15,M26,0.00848474102389698,0.013689283755799829
2022Q3,SO16,M26,0.0005595419146356538,0.0024383354282652365
2019Q1,SO17,M26,0.0032464494067435947,0.008562455297475978
2021Q3,SO17,M26,0.001418579312829014,0.003741478899006283
2022Q3,SO17,M26,0.0018793954103085875,0.0049568735473350225
2022Q4,SO17,M26,0.0019289964397021305,0.0050876954218446934
2022Q2,SO18,M26,0.002308073473801208,0.0051684323520551035
2022Q4,SO18,M26,0.002608082765699136,0.005840238404922528
2023Q3,SO18,M26,0.001656999630787732,0.0037104930134664728
2020Q3,SO19,M26,0.00037779521363207465,0.0012726918246070956
2022Q2,SO19,M26,0.0074371023671269045,0.025053624397227945
2022Q2,SO21,M26,0.0029478458456757123,0.0014261520939400322
2020Q3,SO22,M26,0.0017540211962637359,0.0034912545172871732
2023Q3,SO22,M26,0.0018272955323892144,0.0036371018750866227
2023Q3,SO23,M26,0.0017630935951862587,0.00402122000789909
2022Q2,SO30,M26,0.0005887340050844813,0.0015386762687990393
2022Q3,SO30,M26,0.0011436121637761435,0.0029888691360027172
2022Q4,SO30,M26,0.0009355456300578619,0.002445080200764204
2019Q3,SO31,M26,0.0020615446775039147,0.0043841021243286715
2022Q4,SO31,M26,0.0018287298680749126,0.0038889957549490405
2022Q2,SO40,M26,0.0009840991083710227,0.002490223430559271
2022Q1,SO51,M26,0.003173204836085942,0.004515525018169933
2019Q3,SP10,M26,0.0011861606933000533,0.005055040038161576
2020Q1,SP10,M26,0.001551205536703597,0.006610745188022364
2023Q3,SP10,M26,0.0012282655823035442,0.005234477698604396
2019Q2,SP11,M26,0.0029614507600837768,0.002288948734401973
2019Q4,SP11,M26,0.005181415628492943,0.004004792146168933
2020Q3,SP11,M26,0.002744586440798847,0.002121331120813779
2022Q2,SP11,M26,0.004193775774410854,0.0032414308151224587
2019Q1,SP4,M26,0.0043909236871901,0.008717985744506617
2019Q3,SP4,M26,0.0030096534795895557,0.005975534534456266
2019Q4,SP4,M26,0.003414075350585464,0.006778496361462023
2020Q3,SP4,M26,0.0012905578168756634,0.0025623457503502075
2021Q3,SP4,M26,0.002527502155510519,0.005018244299083052
2019Q3,SP9,M26,0.007498811873901188,0.003123898145833525
2019Q4,SR1,M26,0.011950310145952249,0.003924389115587185
2020Q3,SR3,M26,0.003472719820740653,0.009262375699076722
2022Q1,SR4,M26,0.01002895953336966,0.014248899533436906
2021Q2,SR5,M26,0.004988803271509233,0.010589092483601287
2023Q3,SR5,M26,0.0037820859250327493,0.008027748432137062
2022Q3,SR7,M26,0.005228434963115718,0.006690680759123984
2023Q3,SS1,M26,0.0013482511782204269,0.0017840924958654196
2022Q3,SS12,M26,0.001925559824132359,0.0037153011681192016
2021Q4,SS17,M26,0.002574375402941209,0.0031878065347593827
2023Q3,SS6,M26,0.0020968412437643545,0.006103818771788107
2019Q4,SS7,M26,0.0011307970892761336,0.003827892122903941
2021Q3,ST12,M26,0.01827392152092965,0.0012914569837378855
2023Q3,ST14,M26,0.022885179013866254,0.03896294800831586
2023Q3,ST15,M26,0.03091671860730745,0.04472819255664096
2020Q3,ST16,M26,0.006348599258709116,0.018336432007588215
2021Q1,ST16,M26,0.0005709993710142048,0.0016491970458860758
2023Q3,ST16,M26,0.00638566242649887,0.018443480228537174
2023Q3,ST17,M26,0.008043313567644731,0.015996797309555392
2019Q4,ST18,M26,0.030035509401750995,0.004309508947285639
2023Q3,ST18,M26,0.01934461248144324,0.002775574053213596
2019Q2,ST19,M26,0.006082284270859755,0.0021262728353179717
2020Q2,ST3,M26,0.003762611751070639,0.015013195783443638
2021Q1,ST3,M26,0.0003379415009501919,0.0013484202603875786
2021Q1,ST6,M26,0.0009381886970320183,0.0011226373314865087
2020Q2,ST7,M26,0.0009053240727329008,0.002084802501438184
2020Q2,ST8,M26,0.001635272636540409,0.0015527668331285645
2022Q2,ST9,M26,0.02850629831929812,0.0034618713499649408
2021Q2,SW10,M26,0.002285068462860218,0.004132275024391985
2022Q3,SW10,M26,0.002171440969522884,0.003926793192913549
2022Q3,SW11,M26,0.0027921511328020004,0.011977647479354005
2019Q4,SW12,M26,0.0016632251887589945,0.002655770866449763
2021Q3,SW12,M26,0.002741107529021148,0.004376889892349578
2022Q4,SW12,M26,0.003552917334120618,0.0056731550307401925
2023Q2,SW13,M26,0.002894177043091768,0.0033489464955515393
2019Q2,SW14,M26,0.0014484804285709925,0.00253483242094848
2019Q2,SW15,M26,0.0029221733814725143,0.003220128018813839
2019Q4,SW15,M26,0.007209199290890361,0.007944273524971627
2022Q1,SW15,M26,0.0025939591335659372,0.0028584479410474397
2022Q1,SW17,M26,0.0026713214060808373,0.008689403936293172
2021Q4,SW18,M26,0.0007097417696773812,0.0036564012736232713
2022Q2,SW18,M26,0.000956679484731426,0.004928558858824508
2023Q3,SW19,M26,0.00431888817591635,0.02521569927698036
2021Q4,SW1A,M26,0.002935534857534332,0.001344680584546567
2019Q1,SW1W,M26,0.0025226830979754125,0.002003330992044719
2023Q3,SW1W,M26,0.0044334269678443184,0.003520704464535139
2023Q1,SW2,M26,0.001395998397924202,0.00443839420394907
2021Q2,SW20,M26,0.0011439222667539064,0.0021121822709884467
2021Q4,SW20,M26,0.0012793672346312775,0.0023622730928560915
2022Q2,SW3,M26,0.0017389801891762864,0.006375679849444497
2023Q2,SW3,M26,0.00110495631431075,0.004051137414627182
2022Q3,SW4,M26,0.001504236690242818,0.007549069924487591
2020Q1,SW5,M26,0.0011377243724628669,0.0020648353036442123
2021Q3,SW5,M26,0.0025555011446286727,0.004637932622037328
2023Q3,SW5,M26,0.003008677514979664,0.0054603941873569315
2019Q2,SW6,M26,0.0021760213895521767,0.015502425519358818
2020Q3,SW6,M26,0.0009335514394192776,0.006650813143461773
2020Q3,SW7,M26,0.0007575086615917372,0.0026189083474455065
2023Q3,SW7,M26,0.0018890489350625677,0.006530943176772207
2022Q2,SW9,M26,0.0004920600224838979,0.0018019895159616887
2023Q2,SW9,M26,0.0005611351546054887,0.002054951874635825
2020Q3,SY14,M26,0.028888489560962776,0.003408380629453329
2023Q3,SY3,M26,0.005985104818696363,0.011510054439376105
2020Q1,SY4,M26,0.004145053185234278,0.002117791784749964
2021Q3,SY4,M26,0.023625221623229147,0.012070605135973436
2019Q1,TA1,M26,0.004683572134986811,0.024780761620685567
2019Q2,TA1,M26,0.00433548577133359,0.022939038048913136
2019Q3,TA1,M26,0.0046695497284449244,0.024706569123196933
2022Q2,TA20,M26,0.0008890465270124362,0.0010028341447226757
2020Q1,TA6,M26,0.0030201591429614887,0.011930233732084041
2022Q1,TA6,M26,0.002171251830541611,0.008576879761434163
2019Q4,TD1,M26,0.00241655640495476,0.004605277238354209
2020Q1,TD1,M26,0.0009143821645382893,0.001742555382059899
2019Q4,TD15,M26,0.002841770785790689,0.0038739034917335295
2021Q2,TF11,M26,0.008477980326847597,0.002515065562931705
2020Q3,TF2,M26,0.0018424389985606656,0.006341955986949662
2022Q3,TF2,M26,0.005172266072079744,0.017803728540021276
2023Q3,TF2,M26,0.008452330530493648,0.02909421058358941
2020Q4,TF3,M26,0.0011074932871463752,0.0035055454213938964
2019Q2,TF4,M26,0.00457039227239208,0.004362331868539925
2019Q3,TF4,M26,0.0029134816454434967,0.0027808496673464517
2020Q3,TF4,M26,0.0017710934722817509,0.001690467039988667
2023Q1,TF4,M26,0.003609913044001312,0.003445577048086247
2023Q2,TF4,M26,0.00421098217651188,0.004019283390052852
2023Q3,TF9,M26,0.009425890359206759,0.01172181358387338
2022Q4,TN10,M26,0.006397800459604236,0.003434424800488945
2023Q3,TN11,M26,0.0072395428675846125,0.005958171753765854
2022Q3,TN24,M26,0.0005280603799921826,0.0016876622831079086
2019Q3,TN6,M26,0.0014360030300722849,0.002413626855744268
2019Q3,TQ1,M26,0.0015933182203422972,0.0017977823806405507
2023Q2,TQ12,M26,0.0017567259052494663,0.0071487242697221625
2023Q3,TQ12,M26,0.001528193504605798,0.006218747023973479
2022Q3,TQ14,M26,0.002481446721294757,0.002740514592204113
2020Q3,TQ2,M26,0.0010180854623686466,0.0031090062223952113
2019Q3,TQ3,M26,0.0014560393167340176,0.002274991729923912
2019Q3,TR1,M26,0.0006256425269373193,0.001838584915263016
2022Q4,TR13,M26,0.001598947710971099,0.0025413100737445176
2022Q2,TR18,M26,0.0011569495744170064,0.0023093833916760717
2022Q4,TS1,M26,0.004961880395707953,0.003519569205797689
2023Q1,TS15,M26,0.07449807160587885,0.0092728601474167
2023Q2,TS15,M26,0.11098660547876553,0.013814629676399444
2020Q4,TS17,M26,0.0017708423413621487,0.005835697369972729
2020Q3,TS18,M26,0.004060173017965507,0.008439313114425527
2021Q2,TS18,M26,0.002860289483231914,0.0059452832280995115
2019Q2,TS19,M26,0.006112296410072921,0.004628984111989193
2023Q3,TS2,M26,0.024901812974316345,0.0015581092271871526
2019Q3,TS20,M26,0.005933109762831388,0.0034959958920141704
2020Q1,TS3,M26,0.003939246562630186,0.005074606556401154
2023Q3,TS5,M26,0.0198621728935112,0.022409072558301216
2023Q2,TS8,M26,0.0031048694832114146,0.00505089968276617
2023Q2,TW10,M26,0.0029755177998184125,0.005380124716626648
2023Q3,TW10,M26,0.001960410659894015,0.0035446784578730523
2023Q1,TW11,M26,0.0009843337984051274,0.0023963308549795896
2023Q3,TW11,M26,0.0016051520607366632,0.003907694134154097
2020Q1,TW14,M26,0.0008826177185493158,0.0017960461025715098
2023Q3,TW14,M26,0.0031518263961670713,0.006413677627186204
2021Q3,TW2,M26,0.0020289446941706138,0.003459333712787111
2023Q1,TW20,M26,0.002278037469538682,0.004775098589491571
2022Q1,TW3,M26,0.002594131389994489,0.008903366818339616
2022Q4,TW3,M26,0.001767758386900853,0.006067156592561048
2023Q1,TW3,M26,0.003461462109447809,0.011880148787784777
2022Q4,TW4,M26,0.006024855726775919,0.00584397808076354
2019Q2,TW5,M26,0.0059951244194930715,0.003909296852371675
2019Q3,TW5,M26,0.009953606554557395,0.006490541321704136
2019Q4,TW5,M26,0.005596337017895769,0.0036492558215699103
2022Q3,TW5,M26,0.0038404025577552132,0.0025042472149630645
2020Q1,TW7,M26,0.0011639504025624313,0.0021218653602196377
2022Q4,TW7,M26,0.0023561075719774173,0.004295151263253183
2019Q3,TW8,M26,0.0020089708197346093,0.003064196892228805
2019Q4,TW8,M26,0.0021310370863886377,0.003250379325170593
2020Q4,TW8,M26,0.0005140093151069917,0.00078399632809777
2021Q3,TW8,M26,0.0016201363455041842,0.00247112437179982
2021Q2,TW9,M26,0.0011336268208548266,0.002610694416580428
2023Q1,TW9,M26,0.0009656445173501449,0.0022238383068129337
2021Q4,UB1,M26,0.003516655727894131,0.004149838144859593
2022Q1,UB1,M26,0.004370268984621547,0.005157146544606336
2019Q3,UB10,M26,0.003259887294384023,0.005986887121830765
2020Q4,UB10,M26,0.002343965541606707,0.00430476757255864
2021Q3,UB10,M26,0.0028212164449852558,0.005181254097795714
2023Q1,UB10,M26,0.001650651791151942,0.003031474728619955
2020Q3,UB2,M26,0.0017352616090401348,0.0016301647670523564
2021Q4,UB2,M26,0.004933883813045663,0.0046350610852308365
2022Q2,UB2,M26,0.0025675985956548145,0.0024120909174524235
2023Q2,UB2,M26,0.003940965286353901,0.0037022790826013946
2023Q3,UB2,M26,0.003636649406287504,0.003416394220541211
2020Q4,UB3,M26,0.0009716516910137467,0.0033046714047909927
2021Q2,UB3,M26,0.0020726972438021487,0.007049422520158159
2022Q4,UB3,M26,0.0011679415902794872,0.003972270322337279
2023Q2,UB3,M26,0.0024342146615555556,0.00827897451274216
2023Q3,UB3,M26,0.003349533880728409,0.011392054310607044
2019Q1,UB4,M26,0.0021925393689009877,0.004497961897702326
2021Q2,UB4,M26,0.0026149014550340193,0.005364431434079546
2023Q1,UB4,M26,0.0025298105499741547,0.005189868708215186
2023Q2,UB4,M26,0.0017411734585872606,0.003571991447497583
2019Q2,UB5,M26,0.0032955376373390217,0.003499602008003717
2021Q4,UB5,M26,0.006539131489000303,0.006944043797352514
2022Q2,UB5,M26,0.004499551826910493,0.004778170466075259
2020Q4,UB6,M26,0.0009878361993118936,0.002150113268804421
2022Q1,UB6,M26,0.0013917515816127626,0.003029270991070787
2023Q1,UB6,M26,0.003066504719347304,0.006674520017096756
2019Q1,UB7,M26,0.0026060607472909946,0.0037233815391328156
2022Q2,UB7,M26,0.004269600241817751,0.006100145875872828
2019Q1,UB8,M26,0.0024036939537857827,0.004397992348881
2022Q4,UB8,M26,0.0011240329602286855,0.0020566213727791333
2023Q3,UB8,M26,0.0021926982547539934,0.004011937598222294
2019Q1,UNKNOWN,M26,0.04722178017132417,50.10600975971386
2019Q2,UNKNOWN,M26,0.05482073323092273,58.16909452243249
2019Q3,UNKNOWN,M26,0.056820471075951874,60.29097310507742
2019Q4,UNKNOWN,M26,0.06303839530757202,66.88867804344218
2020Q1,UNKNOWN,M26,0.046471440146607416,49.30984018573426
2020Q2,UNKNOWN,M26,0.02722275594716771,28.88547763820663
2020Q3,UNKNOWN,M26,0.03861953239919996,40.978350673975356
2020Q4,UNKNOWN,M26,0.03980394814437559,42.23510860796295
2021Q2,UNKNOWN,M26,0.04168558701906265,44.23167492709083
2021Q3,UNKNOWN,M26,0.039836497397654304,42.26964591673313
2021Q4,UNKNOWN,M26,0.03996028199747853,42.400991078740844
2022Q1,UNKNOWN,M26,0.03134911476036542,33.26386774158778
2022Q2,UNKNOWN,M26,0.03647341344771314,38.701150264787785
2022Q3,UNKNOWN,M26,0.033615848481983124,35.66904987504364
2022Q4,UNKNOWN,M26,0.03702150995493195,39.28272361590528
2023Q1,UNKNOWN,M26,0.025600746993911357,27.164399014161877
2023Q2,UNKNOWN,M26,0.027084592381572136,28.738875266566843
2023Q3,UNKNOWN,M26,0.02734278288652365,29.01283562795157
2023Q1,W10,M26,0.0049522175250750824,0.00447846215938848
2023Q2,W10,M26,0.008212367704973682,0.007426729100545927
2021Q4,W11,M26,0.0019315587478948351,0.0045877808978123345
2022Q3,W11,M26,0.0024107090271033326,0.005725844392143015
2023Q3,W11,M26,0.005651144840365682,0.013422431172573364
2023Q2,W12,M26,0.0030042901349057304,0.008965405369344967
2019Q3,W13,M26,0.001946494418325374,0.004355854215743888
2020Q1,W13,M26,0.001400358702291022,0.0031337147949161803
2020Q1,W2,M26,0.001216552571018304,0.004510516523740007
2022Q2,W2,M26,0.0021005763297816007,0.007788142058609398
2023Q3,W2,M26,0.002783375308428284,0.010319702263196992
2021Q4,W3,M26,0.0007745669697152652,0.0022922209507628584
2022Q2,W3,M26,0.001842871397399463,0.005453716194783695
2022Q4,W3,M26,0.0009223270430640068,0.0027294959044582754
2023Q3,W3,M26,0.0009605081738071453,0.002842487538797409
2019Q3,W4,M26,0.001317841926335476,0.0024687870743991874
2020Q3,W4,M26,0.0011429210376847636,0.0021410979788305537
2022Q4,W4,M26,0.002852525867275045,0.00534379643702825
2019Q3,W5,M26,0.00245038858835328,0.006693018056524617
2020Q1,W5,M26,0.0016558490189414075,0.00452280403007476
2021Q3,W5,M26,0.001182812167781924,0.0032307460270052826
2022Q1,W6,M26,0.0013288658790006516,0.005309538335127555
2023Q1,W6,M26,0.0007790381783732374,0.0031126791183104905
2023Q3,W6,M26,0.0016006960678629873,0.006395647047238469
2019Q1,W8,M26,0.0017007133183453574,0.00780356822145357
2019Q3,W8,M26,0.0018471561527058128,0.008475507834172459
2020Q3,W8,M26,0.0009385178069701801,0.004306303510850485
2022Q2,W8,M26,0.0019244090412752122,0.008829975679959766
2022Q3,W9,M26,0.003299182638832045,0.005304195941068968
2022Q4,W9,M26,0.00253914280495295,0.004082256860018456
2023Q2,W9,M26,0.002287845341024186,0.0036782383093377493
2023Q3,W9,M26,0.0021209090587878715,0.003409849787819441
2019Q1,WA1,M26,0.06378168306424749,0.10323088005431624
2019Q2,WA1,M26,0.09230488034871616,0.14939577593316294
2019Q3,WA1,M26,0.10660016801781556,0.17253274968194676
2019Q4,WA1,M26,0.10168338554828542,0.16457491983205144
2021Q2,WA1,M26,0.0636502690402853,0.1030181859908587
2021Q3,WA1,M26,0.06601790826697979,0.10685021846915804
2021Q4,WA1,M26,0.07691128501749768,0.12448118734130972
2022Q1,WA1,M26,0.07704773279685184,0.12470202855570665
2022Q2,WA1,M26,0.054109115777149684,0.08757579562473326
2022Q3,WA1,M26,0.04967829700439398,0.08040449974011357
2022Q4,WA1,M26,0.059770027578597534,0.09673800143521144
2020Q2,WA10,M26,0.005640930259190961,0.018244743169557702
2021Q1,WA10,M26,0.001210539045838379,0.0039153070456875855
2021Q1,WA11,M26,0.00495981614215767,0.005846048258461242
2020Q4,WA12,M26,0.08943170868524407,0.10611937896194322
2019Q1,WA13,M26,0.16391045243344068,0.08472315753722454
2019Q2,WA13,M26,0.2223912076474697,0.11495109091997202
2019Q3,WA13,M26,0.2285887594592823,0.11815452395735278
2019Q4,WA13,M26,0.3040089728399571,0.15713824052257142
2023Q3,WA13,M26,0.07687070148138815,0.0397334547914157
2020Q1,WA14,M26,0.2658542281204322,0.5792649694247142
2020Q2,WA16,M26,0.017163635134724443,0.022384764665334643
2019Q1,WA2,M26,0.06910094609962103,0.1925656589228396
2019Q2,WA2,M26,0.10556418940066448,0.2941788620562153
2019Q3,WA2,M26,0.12258748518344575,0.3416181860377382
2020Q1,WA2,M26,0.07140568807472539,0.1989883518399996
2021Q2,WA2,M26,0.03533647736251961,0.0984732110254408
2021Q3,WA2,M26,0.03779482566824791,0.10532396326654522
2022Q1,WA2,M26,0.03779746165832101,0.1053313090583758
2022Q2,WA2,M26,0.04152686041375672,0.1157241353402497
2022Q3,WA2,M26,0.03748854758529867,0.10447044903576007
2023Q1,WA2,M26,0.03227911229445018,0.08995316098080486
2023Q2,WA2,M26,0.03173032312477485,0.08842383390160835
2019Q1,WA3,M26,0.1469568772277143,0.31113107976322346
2019Q2,WA3,M26,0.1958688833959455,0.41468557533763867
2019Q4,WA3,M26,0.16557370308355152,0.3505458607490444
2023Q3,WA3,M26,0.041211758273710236,0.08725184620500565
2019Q3,WA4,M26,0.07149015179365213,0.17257775935189035
2020Q1,WA4,M26,0.032662834981886275,0.07884832713077265
2020Q3,WA4,M26,0.03875115916146536,0.09354558708557656
2020Q4,WA4,M26,0.03297736912061365,0.07960761488634946
2021Q2,WA4,M26,0.05059797545940572,0.12214388994067753
2023Q1,WA4,M26,0.041376066885425285,0.09988213389854188
2023Q2,WA4,M26,0.07061374404967481,0.17046210452476382
2023Q3,WA4,M26,0.05438937052089576,0.13129634588199882
2020Q1,WA5,M26,0.03534730854123457,0.1095503312062941
2020Q4,WA5,M26,0.015999273147594917,0.04958583113433772
2020Q3,WA6,M26,0.017905131385810562,0.015473309471739515
2023Q3,WA6,M26,0.018762886292383967,0.016214566647368582
2020Q2,WA7,M26,0.004789747917391685,0.0151217131627587
2020Q4,WA7,M26,0.019949389655925985,0.06298221813587547
2020Q1,WA8,M26,0.020048848251739443,0.0704143564104057
2020Q4,WA8,M26,0.01534395993550692,0.053890131247416234
2021Q1,WA8,M26,0.0017746173313878913,0.006232704028451539
2022Q1,WA8,M26,0.025610318563204303,0.08994701722763747
2020Q2,WA9,M26,0.012183583928878928,0.0251495203705796
2023Q3,WA9,M26,0.032755333579792587,0.06761400700474543
2019Q2,WD17,M26,0.0025323064851865127,0.003866958379457365
2020Q4,WD17,M26,0.0013883823142973339,0.0021201290821505963
2023Q1,WD17,M26,0.0019237412752280366,0.002937648932966005
2019Q1,WD18,M26,0.0020032986530082067,0.003606783788804136
2023Q1,WD18,M26,0.00117464293727304,0.002114853468017741
2020Q1,WD19,M26,0.0023570730377107853,0.002330419068281761
2023Q3,WD19,M26,0.002567606798737364,0.002538572096789492
2022Q3,WD23,M26,0.0012839481368073099,0.001551097334985256
2020Q1,WD24,M26,0.0016285635175514186,0.0037432151770753243
2022Q3,WD24,M26,0.001184182681539984,0.002721816212999056
2023Q3,WD24,M26,0.0017650882346758204,0.004057014048091629
2020Q4,WD3,M26,0.0015753386527419173,0.0037081557160658406
2022Q4,WD3,M26,0.0010445895619139423,0.0024588368654650675
2019Q4,WD6,M26,0.003598173046802727,0.009340775331886498
2022Q4,WD6,M26,0.0037367760493348143,0.009700585571732392
2019Q2,WF1,M26,0.020413938329027596,0.049320581269328825
2020Q2,WF1,M26,0.003948239658485755,0.00953904493138584
2023Q1,WF1,M26,0.00763450347298106,0.018445149726680484
2023Q2,WF1,M26,0.009098671483939296,0.02198261595257444
2023Q3,WF1,M26,0.00818902545885745,0.019784888596722856
2020Q1,WF10,M26,0.01070796697878083,0.02674909993164654
2020Q2,WF10,M26,0.003928967042823915,0.009814779244734707
2021Q1,WF10,M26,0.0005352432989373515,0.0013370676730130795
2019Q2,WF11,M26,0.0028977035561949128,0.0018135424431133852
2022Q4,WF11,M26,0.011564565556855214,0.007237741910723383
2023Q1,WF11,M26,0.007529633127738941,0.004712459019154629
2023Q2,WF11,M26,0.0029443322874265357,0.0018427252706584212
2023Q3,WF11,M26,0.008548956398804595,0.005350407649675752
2020Q1,WF12,M26,0.016216236392255653,0.017247652098448012
2021Q1,WF12,M26,0.006216299294119682,0.0066116801069826155
2019Q1,WF13,M26,0.016007751752491455,0.014201686125944137
2020Q2,WF14,M26,0.005367250294395084,0.002965830061625057
2021Q3,WF14,M26,0.07435850820472073,0.041088953723930906
2019Q1,WF15,M26,0.018083391283026898,0.0077422642496312736
2019Q2,WF15,M26,0.022761735885208332,0.009745261342047331
2020Q1,WF15,M26,0.018315327617741968,0.007841565999195277
2020Q4,WF15,M26,0.05407953608836901,0.023153735510142638
2022Q1,WF15,M26,0.05102225021294865,0.021844782185862874
2020Q1,WF16,M26,0.0063072501391846425,0.0044269080567231065
2023Q1,WF16,M26,0.015793291172309015,0.011084933432163971
2023Q2,WF17,M26,0.028464295452501825,0.050173895160336775
2019Q3,WF2,M26,0.013607386289159177,0.0567645395907137
2020Q1,WF2,M26,0.00904511857027251,0.037732594656623084
2020Q2,WF2,M26,0.0005326581030482461,0.0022220352488181608
2021Q1,WF2,M26,0.0009220104617168595,0.0038462566024803375
2023Q1,WF2,M26,0.007800558126037194,0.03254078933056165
2023Q3,WF2,M26,0.007864078813447648,0.032805772075867615
2020Q1,WF3,M26,0.007820881273760889,0.005641568125868792
2023Q2,WF3,M26,0.024290835155031068,0.017522117593207962
2023Q3,WF3,M26,0.013743199181490905,0.009913613534818582
2023Q3,WF4,M26,0.01129179535197045,0.007485027975710269
2023Q3,WF5,M26,0.011133678824097269,0.007704333251815302
2020Q2,WF6,M26,0.005751889836822883,0.00441335173179944
2019Q1,WF7,M26,0.010361059252543185,0.00502786060838851
2023Q2,WF7,M26,0.012269921689679941,0.005954164958221915
2023Q3,WF8,M26,0.006388933101888924,0.01181964617507127
2023Q3,WF9,M26,0.005655953513117505,0.010135122548472784
2020Q2,WN1,M26,0.043957911562827384,0.06339411671779259
2021Q1,WN1,M26,0.02201231900552013,0.03174517329538645
2022Q1,WN1,M26,0.15825244539020847,0.22822453654569605
2023Q1,WN1,M26,0.05967330982811433,0.08605815503253991
2023Q2,WN1,M26,0.10444018117600687,0.15061891705287664
2023Q3,WN1,M26,0.06870138437961996,0.09907803681279867
2020Q1,WN2,M26,0.08153406740387409,0.1301697685348941
2020Q2,WN2,M26,0.03697034245481644,0.05902343735853612
2020Q4,WN2,M26,0.05508984673224445,0.087951365927052
2021Q1,WN2,M26,0.020109339838799367,0.032104716415529415
2021Q2,WN2,M26,0.12005554546909045,0.1916696058793629
2022Q3,WN2,M26,0.08396026050610493,0.1340432045671475
2020Q2,WN3,M26,0.009632518897237322,0.029885218803889082
2021Q1,WN3,M26,0.011315246882141214,0.035105939837792616
2023Q3,WN3,M26,0.06386992111935252,0.1981586112627752
2020Q3,WN4,M26,0.014870890973594826,0.021349275136928848
2021Q3,WN4,M26,0.014527697960222175,0.020856572844875583
2023Q1,WN4,M26,0.023299772782783085,0.03345013157925904
2023Q3,WN4,M26,0.014954758824382419,0.021469679343024274
2020Q2,WN5,M26,0.017634778652536348,0.017655944564375588
2021Q1,WN5,M26,0.014197067348206669,0.014214107192130353
2020Q2,WN6,M26,0.029709171165212368,0.030547007867896662
2021Q1,WN6,M26,0.010126803950022906,0.010412392800113492
2020Q1,WN7,M26,0.2005399054004852,0.8474391941613473
2020Q3,WN7,M26,0.1940806388492753,0.8201437008773587
2020Q4,WN7,M26,0.16551696309941505,0.6994396529153962
2023Q1,WN7,M26,0.06512448221925084,0.2752022776805569
2023Q3,WN7,M26,0.15388589640806316,0.6502892268968334
2020Q2,WN8,M26,0.004490062022385658,0.00924187426187689
2020Q1,WR1,M26,0.0027814737253466647,0.004207869900321004
2019Q1,WR11,M26,0.002848287358122844,0.009748733898185414
2019Q3,WR11,M26,0.0038028869161776725,0.01301600854456629
2023Q3,WR11,M26,0.0018046001660476894,0.006176542110910634
2019Q3,WR12,M26,0.07468275433846369,0.008963335191647265
2022Q3,WR12,M26,0.015821580065966945,0.0018988871881993265
2021Q2,WR14,M26,0.001064012274104659,0.0024444124015068802
2022Q1,WR3,M26,0.006115478637424704,0.004060286264452514
2019Q2,WR4,M26,0.004885812376653457,0.008714980647848659
2019Q1,WR5,M26,0.002453129517519756,0.005579930254417834
2023Q1,WR5,M26,0.0015421566989752833,0.003507815938868796
2019Q3,WS1,M26,0.0037922333450815093,0.007789544437049776
2022Q2,WS1,M26,0.005619833306449396,0.011543577962093744
2022Q3,WS1,M26,0.0050280374851067,0.010327982973987805
2023Q2,WS1,M26,0.006353084031855271,0.013049732407061128
2023Q3,WS1,M26,0.007527215004101135,0.015461489424884891
2021Q1,WS10,M26,0.0002618628732296125,0.0006711382536101013
2023Q1,WS10,M26,0.004625801141599283,0.011855640555041005
2023Q3,WS10,M26,0.006124151840611111,0.0156958201842797
2023Q3,WS11,M26,0.004013943648265727,0.016414438965085498
2023Q2,WS13,M26,0.005564701112662666,0.009540647649603416
2023Q3,WS13,M26,0.006437887149631815,0.011037720024671205
2022Q3,WS15,M26,0.004286507548248225,0.009470328387807252
2023Q3,WS15,M26,0.002922335755142193,0.006456416779654906
2019Q3,WS2,M26,0.005176796128076398,0.006884609663450724
2020Q3,WS2,M26,0.003034451956657581,0.004035510912005812
2023Q1,WS2,M26,0.0067488059403405425,0.008975222018427622
2023Q2,WS2,M26,0.006715463625278146,0.008930880147741344
2023Q3,WS3,M26,0.00971297394631205,0.014648443829093546
2023Q3,WS4,M26,0.013276293869052302,0.006091598045379087
2022Q3,WS5,M26,0.011255368546792256,0.003008969893648153
2023Q3,WS6,M26,0.006440346083220021,0.0053298394325501895
2019Q3,WS7,M26,0.004397308526739254,0.007915090697426592
2023Q3,WS8,M26,0.004480753035779108,0.004147634407310426
2020Q1,WV1,M26,0.0053259426224073906,0.01195414094549622
2023Q3,WV10,M26,0.013507964801272232,0.029678935613301864
2023Q3,WV11,M26,0.006850336863265647,0.007705869190107145
2023Q3,WV12,M26,0.017830642474996543,0.005512816429056824
2020Q1,WV13,M26,0.0018412400380788574,0.003322835544590191
2019Q4,WV14,M26,0.0170669316576987,0.03017704707933945
2022Q3,WV14,M26,0.006315121243804847,0.01116613782185451
2022Q4,WV14,M26,0.006934517375559304,0.012261328603865022
2023Q1,WV14,M26,0.007625219598579155,0.01348259988565821
2023Q3,WV14,M26,0.018902270378589433,0.03342221757030291
2023Q3,WV15,M26,0.013314680609744115,0.004236117808905787
2023Q3,WV16,M26,0.004655931641240846,0.004095345725461997
2023Q3,WV2,M26,0.016829129034743373,0.02260740893772629
2019Q3,WV3,M26,0.00609713603318206,0.009051751813316892
2023Q2,WV3,M26,0.006988950022483607,0.010375730620886434
2023Q3,WV3,M26,0.005179052530627607,0.0076887735291196625
2019Q1,WV4,M26,0.006226891038393414,0.0022577625090849664
2023Q3,WV4,M26,0.01006332927465402,0.0036487883620897844
2022Q3,WV6,M26,0.005179190891252292,0.008319643487513158
2019Q1,YO1,M26,0.009825340627976556,0.005092236456794494
2021Q3,YO1,M26,0.00473086272847047,0.0024518917531889035
2020Q1,YO10,M26,0.01605112209137045,0.0297172005107465
2022Q1,YO10,M26,0.011316567332435934,0.020951600679192717
2022Q3,YO10,M26,0.007039521601791053,0.01303303742562804
2023Q1,YO10,M26,0.010181559717078804,0.01885023675617291
2019Q4,YO14,M26,0.008262808240567111,0.0028635232154030988
2019Q4,YO15,M26,0.008163349652436704,0.00758292734683389
2020Q1,YO17,M26,0.004940216428833364,0.004904518085560861
2023Q3,YO17,M26,0.0030493693254401762,0.003027334373224549
2020Q3,YO21,M26,0.019182797927836972,0.0056730214708887285
2021Q2,YO21,M26,0.015273798446620912,0.0045169941765360435
2023Q1,YO21,M26,0.026749470194954363,0.007910750002253988
2020Q1,YO23,M26,0.0059129620828160395,0.00960535739763806
2023Q2,YO23,M26,0.010555572137744893,0.017147081530295094
2023Q3,YO23,M26,0.011512919818329866,0.018702252440750026
2019Q3,YO24,M26,0.01772799808526816,0.02134413308264746
2020Q3,YO24,M26,0.0052336085005323454,0.006301153452327197
2020Q1,YO26,M26,0.007522170166549987,0.006401123001148522
2023Q3,YO26,M26,0.017586861158793772,0.014965848816099404
2023Q3,YO30,M26,0.003234424781540039,0.005689649672396082
2023Q3,YO31,M26,0.00594476177403951,0.024081041558862024
2023Q1,YO32,M26,0.0009865132219049149,0.0015209795884799668
2019Q1,YO42,M26,0.002842787315907848,0.002957749690611442
2020Q3,YO42,M26,0.0038731380594509758,0.004029767838392832
2023Q2,YO42,M26,0.005161766470222507,0.005370508407321189
2023Q3,YO42,M26,0.0020935638542882795,0.0021782276175377397
2021Q2,YO51,M26,0.004571176809345012,0.002004265911004972
2022Q2,YO51,M26,0.003820762384274447,0.0016752412169216914
2022Q2,YO62,M26,0.012060998360485471,0.0035898884675938524
2020Q1,YO7,M26,0.007322174335900968,0.007347661668478828
2021Q4,YO7,M26,0.006477809738035776,0.006500357970786792
2020Q2,YO8,M26,0.0021973708432441565,0.005753224161693278
2021Q3,YO8,M26,0.013333637706875612,0.034910541775099765
2023Q3,YO8,M26,0.007350729868745041,0.019245907816137067
