time_period_value,cardholder_location,merchant_location,cardholder_index_spend,merchant_index_spend
2019Q2,AL1,SM6,0.0008412557070466126,0.002481807859041066
2019Q3,AL1,SM6,0.0008922216471855943,0.002632163654218254
2019Q4,AL1,SM6,0.0005607986295761156,0.0016544249680131393
2020Q1,AL1,SM6,0.0012816576521916545,0.003781047792206092
2020Q3,AL1,SM6,0.0006221425983266992,0.001835397224694107
2021Q2,AL1,SM6,0.0005332650842800278,0.0015731976211663774
2021Q3,AL1,SM6,0.0010396897754532406,0.003067212779742275
2022Q1,AL1,SM6,0.0004751173172910879,0.0014016545530004885
2022Q4,AL1,SM6,0.0003557025984614831,0.0010493664375154411
2019Q1,AL10,SM6,0.0012305367984012838,0.002830971845801238
2019Q2,AL10,SM6,0.0018249542911581798,0.004198488192189907
2019Q3,AL10,SM6,0.001962503610042859,0.004514934030849563
2019Q4,AL10,SM6,0.0004522757895044989,0.001040505272404885
2020Q1,AL10,SM6,0.0005254576565255347,0.0012088674095054465
2020Q2,AL10,SM6,0.0005727147730836531,0.0013175870891311125
2020Q4,AL10,SM6,0.0007097455969590742,0.0016328400786412725
2021Q2,AL10,SM6,0.0004956318483739113,0.0011402501822390908
2021Q3,AL10,SM6,0.0013580618804403019,0.0031243559342372697
2021Q4,AL10,SM6,0.0020291425638518253,0.004668243547730271
2022Q2,AL10,SM6,0.0008302833414923728,0.0019101491047293087
2023Q1,AL10,SM6,0.0006585133519966419,0.0015149752222027892
2023Q2,AL10,SM6,0.0006683894474110867,0.0015376961583837016
2023Q3,AL10,SM6,0.0003004802029844825,0.000691284483304261
2019Q2,AL5,SM6,0.0006580730909271452,0.0012576038176135035
2022Q1,AL5,SM6,0.0021895346056936414,0.004184287607076835
2021Q3,AL7,SM6,0.0007880381163256043,0.0010691336519928348
2019Q1,B13,SM6,0.0008538256510696093,0.0015324703430620922
2019Q2,B13,SM6,0.0005167767173103393,0.000927525417245298
2021Q3,B13,SM6,0.0012499293557579679,0.002243408436162842
2022Q2,B13,SM6,0.0003586643724219534,0.0006437409243457017
2022Q3,B13,SM6,0.0013745899895680866,0.002467152855204377
2022Q4,B13,SM6,0.0020180211512826137,0.0036220012389397045
2019Q1,B15,SM6,0.0006986158392731503,0.0016093807120344805
2019Q2,B15,SM6,0.0008617240091383919,0.00198512819412632
2019Q4,B15,SM6,0.0008151956468503026,0.0018779421776928653
2020Q1,B15,SM6,0.0007076157609663949,0.001630113566299563
2020Q4,B15,SM6,0.0011743788230297392,0.002705381871061244
2021Q2,B15,SM6,0.0010447799506470166,0.0024068287696440553
2021Q3,B15,SM6,0.0012000224355255597,0.0027644563051316172
2021Q4,B15,SM6,0.0008649294607003693,0.0019925124983851167
2022Q1,B15,SM6,0.001082333048561569,0.002493338734152879
2022Q4,B15,SM6,0.0014318012407762428,0.003298398305383059
2023Q3,B15,SM6,0.000643309471169184,0.0014819730624000135
2019Q4,B17,SM6,0.0010201117528131527,0.0017576348206149342
2022Q2,B23,SM6,0.0016481475491915804,0.0020915189777934427
2019Q1,B29,SM6,0.0009281976073250196,0.0013935318183158124
2019Q4,B29,SM6,0.0016753185526577207,0.002515207635227007
2020Q1,B29,SM6,0.0015826993156002208,0.002376155505799823
2020Q3,B29,SM6,0.0011871758253228085,0.0017823438387116765
2020Q4,B29,SM6,0.0008584305022866086,0.0012887883025218061
2023Q2,B31,SM6,0.0002395348818176235,0.0006773679098934521
2019Q2,B95,SM6,0.019652957649520054,0.003313564530283818
2020Q1,B95,SM6,0.046014906447279465,0.007758290868334363
2022Q3,B98,SM6,0.001428670086009931,0.00613419835012274
2019Q1,BA1,SM6,0.00096346823309261,0.002662836918062486
2019Q2,BA1,SM6,0.0012357647970176935,0.0034154111267147578
2019Q3,BA1,SM6,0.00048513551146891056,0.0013408192463760953
2019Q4,BA1,SM6,0.0009958996602096588,0.002752471011296185
2020Q3,BA1,SM6,0.0005022144189050751,0.001388021991291941
2021Q2,BA1,SM6,0.00066879028505443,0.00184840496065768
2021Q3,BA1,SM6,0.000584731643160431,0.0016160833882078495
2021Q4,BA1,SM6,0.00046450106734627616,0.0012837896965620054
2022Q2,BA1,SM6,0.0005160871776528622,0.0014263635710972306
2022Q4,BA1,SM6,0.0005236092957294401,0.0014471532277027653
2023Q1,BA1,SM6,0.000841490717287993,0.0023257150274781976
2023Q2,BA1,SM6,0.0007643376264151148,0.002112479041420334
2019Q2,BA11,SM6,0.0008593048594369582,0.001773369068920216
2019Q3,BA11,SM6,0.0009199956735003307,0.0018986182296174962
2023Q2,BA11,SM6,0.0015013889004665982,0.003098454066991029
2023Q3,BA11,SM6,0.0006426620487826245,0.0013262778472203115
2022Q2,BA12,SM6,0.0033886109718975163,0.0040421113489247755
2022Q4,BA12,SM6,0.0045607034166676216,0.005440244156817223
2022Q4,BA13,SM6,0.003447357867989196,0.0027479268240600033
2019Q2,BA14,SM6,0.0005943720171411133,0.001887655377910205
2019Q3,BA14,SM6,0.0004950894260496859,0.0015723455860595932
2019Q4,BA14,SM6,0.0005349205070009754,0.0016988443982468232
2020Q3,BA14,SM6,0.0008578974534843116,0.002724581062134116
2022Q3,BA14,SM6,0.0009100695518834636,0.0028902734892334195
2019Q1,BA2,SM6,0.0010107309104551538,0.003633532114051517
2019Q2,BA2,SM6,0.0012069897998805456,0.004339073984809301
2019Q3,BA2,SM6,0.001002656818796159,0.003604506118080402
2019Q4,BA2,SM6,0.0008353761761468857,0.003003139739712102
2020Q1,BA2,SM6,0.0007254042036486383,0.002607795450164225
2020Q3,BA2,SM6,0.0005897563036633723,0.002120147357381392
2021Q3,BA2,SM6,0.0007214382603875666,0.002593538062710703
2021Q4,BA2,SM6,0.000587907636884307,0.0021135014835484754
2022Q1,BA2,SM6,0.0010334521312098204,0.003715213879621897
2022Q2,BA2,SM6,0.00038616594940476417,0.0013882492006537502
2022Q3,BA2,SM6,0.0005602250369106103,0.002013983783076079
2022Q4,BA2,SM6,0.000566655869210436,0.002037102335640157
2023Q1,BA2,SM6,0.0005003724748670242,0.0017988165174428379
2023Q2,BA2,SM6,0.0008911521909340713,0.0032036520015086547
2023Q3,BA2,SM6,0.000267061247006519,0.0009600731583244553
2019Q2,BA20,SM6,0.0007698966358295674,0.002360421257494541
2019Q4,BA20,SM6,0.0008293873853819377,0.002542813572686816
2020Q1,BA20,SM6,0.0011070170590170255,0.003393996644364248
2022Q3,BA21,SM6,0.001773968553114841,0.0013807512917140491
2021Q3,BD10,SM6,0.004020191098001249,0.005756065169731905
2021Q3,BD8,SM6,0.0017757110383790227,0.002072717403103737
2019Q1,BH1,SM6,0.0020922317224797327,0.0017381516178398015
2023Q2,BH1,SM6,0.002728447937436397,0.002266697395748277
2019Q2,BH12,SM6,0.0010440503739365169,0.0031002149395450503
2019Q4,BH12,SM6,0.0009744776223286252,0.002893624827320104
2021Q2,BH12,SM6,0.0006589421431501347,0.001956670221559727
2021Q3,BH12,SM6,0.0003981734464443944,0.0011823407165142312
2022Q3,BH12,SM6,0.0006916912635110668,0.002053915828414032
2019Q1,BH15,SM6,0.0008761089516122969,0.0022258565129630874
2019Q2,BH15,SM6,0.0010386941681724108,0.0026389231327320754
2021Q2,BH15,SM6,0.00094666986242964,0.0024051246994304864
2022Q3,BH15,SM6,0.0015122750341207516,0.003842110308192294
2022Q4,BH15,SM6,0.0007120257689480126,0.0018089841363837964
2019Q2,BH17,SM6,0.000653693232495721,0.0018090977410647009
2019Q3,BH17,SM6,0.0006287556433255022,0.0017400828974151788
2020Q1,BH17,SM6,0.0005143711293784817,0.0014235234540746168
2019Q1,BH22,SM6,0.0005141811743275202,0.0008499902225279344
2019Q4,BH22,SM6,0.0009806689865883072,0.0016211387965081026
2022Q3,BH22,SM6,0.0011954952831597892,0.001976267029015764
2019Q1,BH23,SM6,0.0009513341949957614,0.002513219553311177
2019Q2,BH23,SM6,0.0008475249172595303,0.002238977853607564
2019Q3,BH23,SM6,0.0008177453295079396,0.0021603066120811547
2019Q4,BH23,SM6,0.000931251787082414,0.002460166167328747
2020Q3,BH23,SM6,0.001138160792810614,0.0030067750895010482
2021Q3,BH23,SM6,0.0013348780840303275,0.003526459702298968
2021Q4,BH23,SM6,0.000833290919359492,0.002201374704228154
2022Q2,BH23,SM6,0.0005686718677646715,0.0015023083002819306
2022Q3,BH23,SM6,0.0007997055647977702,0.002112649448441691
2022Q4,BH23,SM6,0.0020609839889914948,0.005444674739372501
2023Q2,BH23,SM6,0.0005577276004971193,0.0014733959089917195
2019Q1,BH24,SM6,0.0008789817691673758,0.001149224952030551
2020Q4,BH24,SM6,0.0031320025069713963,0.004094937525545397
2021Q2,BH24,SM6,0.0076270958110773515,0.009972048482781113
2019Q3,BH7,SM6,0.0013737956691278162,0.001178023738639858
2019Q1,BH8,SM6,0.0010437085571763963,0.002550936307371492
2019Q2,BH8,SM6,0.001501848947468282,0.0036706808447073093
2019Q3,BH8,SM6,0.0006269362942481567,0.001532299936040735
2019Q4,BH8,SM6,0.0010228850503686284,0.002500041410326248
2021Q4,BH8,SM6,0.0015616700484986333,0.0038168900690314814
2023Q2,BH8,SM6,0.0005955615909105597,0.0014556167764301555
2023Q3,BH8,SM6,0.0010502623840958054,0.0025669545673790354
2022Q2,BH9,SM6,0.0010924263529421812,0.0014335774683346704
2021Q3,BL3,SM6,0.0009205070081606543,0.001972006853481843
2019Q1,BN1,SM6,0.003458560845818973,0.022652773372369702
2019Q2,BN1,SM6,0.006314241114108364,0.04135681844351818
2019Q3,BN1,SM6,0.0035507139740729157,0.023256355042015644
2019Q4,BN1,SM6,0.005044746349079482,0.03304192144109192
2020Q1,BN1,SM6,0.002167775291230196,0.014198426624133087
2020Q2,BN1,SM6,0.0023286833602706304,0.015252337248884713
2020Q3,BN1,SM6,0.005710666743028968,0.037403545955060784
2021Q3,BN1,SM6,0.0048930744066709355,0.032048505308921976
2021Q4,BN1,SM6,0.0037598146775672525,0.024625916272660597
2022Q1,BN1,SM6,0.005179212211452658,0.03392264172980453
2022Q3,BN1,SM6,0.008486265890831166,0.055583078214472885
2022Q4,BN1,SM6,0.005108826855824106,0.03346163393469382
2023Q1,BN1,SM6,0.003132373808374281,0.020516323743278508
2023Q2,BN1,SM6,0.0024885594114057176,0.016299488395122515
2019Q1,BN10,SM6,0.0023884082873405986,0.001660957237165152
2019Q2,BN10,SM6,0.0041500033604596675,0.0028860133136994984
2020Q1,BN10,SM6,0.0021429595371795745,0.001490266204106047
2020Q3,BN10,SM6,0.013257908113938965,0.009219871890512007
2021Q1,BN10,SM6,0.006549111743065188,0.004554411657463899
2021Q2,BN10,SM6,0.00549413135801368,0.003820752628182236
2021Q4,BN10,SM6,0.012824676775884364,0.008918592276753108
2022Q1,BN10,SM6,0.0028996441366776525,0.002016483086055979
2022Q2,BN10,SM6,0.0032459678307484485,0.002257325009573651
2022Q3,BN10,SM6,0.009082828957705772,0.00631642025829366
2022Q4,BN10,SM6,0.006900989685059761,0.004799116140132326
2023Q2,BN10,SM6,0.00138725509907981,0.0009647309502415424
2023Q3,BN10,SM6,0.003772722902225468,0.002623643303150412
2019Q1,BN11,SM6,0.0012001869718669715,0.0009927913064249694
2019Q4,BN11,SM6,0.0038069095739405564,0.003149064952334012
2020Q1,BN11,SM6,0.0018348206824742805,0.0015177585368849511
2020Q2,BN11,SM6,0.007415298691555019,0.006133914338420478
2020Q3,BN11,SM6,0.004865776898931327,0.004024957042108187
2021Q1,BN11,SM6,0.00455676892471223,0.003769346510072922
2021Q4,BN11,SM6,0.0058904473414418505,0.004872561566337125
2022Q1,BN11,SM6,0.010114861022771765,0.008366984748621006
2022Q2,BN11,SM6,0.00641376951289157,0.005305452202923959
2022Q3,BN11,SM6,0.007158547399198309,0.005921530387469401
2022Q4,BN11,SM6,0.009861062473279813,0.008157043298309375
2023Q1,BN11,SM6,0.007072368508610537,0.005850243450201788
2023Q2,BN11,SM6,0.004188843430075359,0.0034649995699295995
2023Q3,BN11,SM6,0.003924675946337389,0.0032464809662096747
2019Q2,BN12,SM6,0.0047398227356489275,0.00361717304000126
2019Q3,BN12,SM6,0.002310589151739159,0.0017633150546601626
2019Q4,BN12,SM6,0.004806960300151995,0.003668408751089217
2021Q2,BN12,SM6,0.011180637446451513,0.008532449966358501
2022Q2,BN12,SM6,0.0035236056580656436,0.0026890227970109877
2022Q4,BN12,SM6,0.004108193719714304,0.0031351483789232035
2019Q1,BN13,SM6,0.0021277951039982467,0.005605936583916528
2019Q2,BN13,SM6,0.0037932369675591493,0.009993746976833884
2019Q3,BN13,SM6,0.004578817057175169,0.012063453855893651
2019Q4,BN13,SM6,0.004325077943782439,0.011394947111110757
2020Q1,BN13,SM6,0.002678350121382627,0.007056441149705977
2023Q2,BN13,SM6,0.0030301654712290523,0.0079833417412063
2023Q3,BN13,SM6,0.0033821533007175157,0.008910696751430242
2019Q1,BN14,SM6,0.003254675313995163,0.004370826493122126
2019Q2,BN14,SM6,0.0037389345237203104,0.005021156488960293
2019Q3,BN14,SM6,0.005812041052348019,0.007805209601547946
2019Q4,BN14,SM6,0.004356302627934499,0.005850243450201788
2020Q1,BN14,SM6,0.00539393446765651,0.007243718466177149
2020Q2,BN14,SM6,0.002390672966449039,0.0032105250847033803
2021Q2,BN14,SM6,0.0029974245048809745,0.0040253546584913535
2021Q4,BN14,SM6,0.0034397250163750673,0.004619336732600857
2022Q1,BN14,SM6,0.004558144269021791,0.006121304218840074
2022Q2,BN14,SM6,0.006486467910507462,0.00871092292005957
2022Q3,BN14,SM6,0.0038980138221547827,0.005234790091401322
2022Q4,BN14,SM6,0.007469155850025703,0.010030611695787416
2023Q1,BN14,SM6,0.007565466289412913,0.01015995062499726
2023Q2,BN14,SM6,0.0047317737611976786,0.006354477826396687
2023Q3,BN14,SM6,0.004029811507324104,0.0054117861842506295
2019Q2,BN15,SM6,0.0041217995793421565,0.002611828416336337
2019Q3,BN15,SM6,0.005754348108930015,0.0036463126406532814
2020Q1,BN15,SM6,0.004517028355256546,0.0028622699353904445
2020Q3,BN15,SM6,0.013568834055933178,0.008598056669580884
2021Q2,BN15,SM6,0.016949927040723144,0.010740527346760023
2021Q3,BN15,SM6,0.004559428720647226,0.0028891374424243736
2021Q4,BN15,SM6,0.005231559671385737,0.003315041391135577
2022Q1,BN15,SM6,0.01029298003302198,0.0065222719400927255
2022Q2,BN15,SM6,0.005180105528184362,0.003282436847715968
2022Q3,BN15,SM6,0.0024137730208770194,0.0015295166213585732
2023Q3,BN15,SM6,0.006554935134943038,0.004153614343232604
2019Q1,BN16,SM6,0.003229398648069409,0.003215523690663181
2019Q3,BN16,SM6,0.010966115693990114,0.010919000300461092
2020Q1,BN16,SM6,0.006954767757484459,0.006924886929218493
2021Q4,BN16,SM6,0.010891896971858682,0.010845100455532674
2022Q1,BN16,SM6,0.0023610224848990198,0.0023508784642985573
2022Q2,BN16,SM6,0.004191846043211153,0.004173835976433615
2022Q3,BN16,SM6,0.0025491079013996625,0.002538155780769729
2022Q4,BN16,SM6,0.003489592031344941,0.0034745991654660355
2019Q1,BN17,SM6,0.003060402627329919,0.00588142793511009
2019Q2,BN17,SM6,0.0028584093149043076,0.005493240740459201
2019Q3,BN17,SM6,0.0040804777222132535,0.007841790308799215
2019Q4,BN17,SM6,0.004833711198047945,0.009289341152885149
2020Q1,BN17,SM6,0.0018258020039734965,0.0035087941744183088
2020Q2,BN17,SM6,0.0013645041363957208,0.0026222800469795572
2020Q3,BN17,SM6,0.010589899902798164,0.020351483351285983
2020Q4,BN17,SM6,0.006644527745568445,0.01276933654069415
2021Q1,BN17,SM6,0.002362234053609497,0.004539699851286758
2021Q2,BN17,SM6,0.004613126461344355,0.008865425286089773
2021Q4,BN17,SM6,0.007546019701813858,0.014501807924488725
2022Q1,BN17,SM6,0.007095451066371068,0.01363591304663415
2022Q2,BN17,SM6,0.004911003049378494,0.00943787927316786
2022Q3,BN17,SM6,0.005209529893905664,0.010011582911735902
2023Q1,BN17,SM6,0.004717758642495461,0.009066505571290849
2023Q2,BN17,SM6,0.0037251125487726437,0.0071588557695414405
2023Q3,BN17,SM6,0.003516853128323293,0.006758626478714665
2020Q3,BN18,SM6,0.012915378565200836,0.002984508572043753
2021Q2,BN18,SM6,0.014362465345554413,0.0033189039502863325
2023Q2,BN18,SM6,0.01891684344414299,0.004371337714186197
2023Q3,BN18,SM6,0.051995570814990635,0.012015228668849664
2019Q1,BN2,SM6,0.005611949202555482,0.019186580953290604
2019Q2,BN2,SM6,0.00925548451885678,0.031643391016816305
2019Q3,BN2,SM6,0.00507216680807797,0.017341129714336444
2019Q4,BN2,SM6,0.005983544912946201,0.020457022099846324
2020Q1,BN2,SM6,0.004246767769706743,0.01451918944066712
2020Q2,BN2,SM6,0.007279627420662371,0.02488817267852877
2020Q4,BN2,SM6,0.007180107689586616,0.024547926659219614
2021Q2,BN2,SM6,0.005116261193098849,0.0174918831258968
2021Q3,BN2,SM6,0.005373932563591992,0.018372830623971232
2022Q1,BN2,SM6,0.007864235229904894,0.026886876632023188
2022Q3,BN2,SM6,0.003411433372540307,0.011663281367407331
2022Q4,BN2,SM6,0.005440522727557207,0.018600494404503967
2023Q1,BN2,SM6,0.006883741585591728,0.023534686510231818
2023Q2,BN2,SM6,0.003059475779366876,0.010459980587266209
2023Q3,BN2,SM6,0.00337581228682638,0.01154149714947764
2019Q2,BN21,SM6,0.002640956177859319,0.0037813886062488047
2020Q1,BN21,SM6,0.0027731011813660928,0.003970597202295353
2020Q2,BN21,SM6,0.002886283317362737,0.004132654279605711
2020Q3,BN21,SM6,0.0048214875851693715,0.006903529249208435
2020Q4,BN21,SM6,0.0048431480991035355,0.006934543327095382
2021Q1,BN21,SM6,0.0031644185979349338,0.004530895488516654
2021Q2,BN21,SM6,0.004624916437653292,0.0066220736522673825
2021Q3,BN21,SM6,0.0047188580072432176,0.0067565815944583855
2021Q4,BN21,SM6,0.004405216939178207,0.006307502290842651
2022Q2,BN21,SM6,0.002944322386750431,0.004215756103687399
2022Q3,BN21,SM6,0.004839577684718783,0.0069294311164546755
2022Q4,BN21,SM6,0.0035420097547579493,0.005071540164941465
2023Q1,BN21,SM6,0.003072301906808327,0.004399000453986458
2023Q3,BN21,SM6,0.0041391417249722826,0.0059265289934292
2019Q1,BN22,SM6,0.002919802334722999,0.0066487707522799545
2019Q2,BN22,SM6,0.0030988803516641306,0.0070565547543868816
2019Q3,BN22,SM6,0.004927900749515447,0.011221472763369487
2019Q4,BN22,SM6,0.0076281148709590515,0.017370212512648014
2020Q1,BN22,SM6,0.004664659307423267,0.010622037664576565
2020Q2,BN22,SM6,0.0019376545758397034,0.00441229220165229
2020Q3,BN22,SM6,0.0056289217148444105,0.012817788937099945
2020Q4,BN22,SM6,0.003103270619247588,0.007066551966306483
2021Q2,BN22,SM6,0.0030902245400081093,0.00703684434224994
2021Q3,BN22,SM6,0.002183260113491519,0.004971568045745451
2021Q4,BN22,SM6,0.0031686007942536925,0.0072153172959510065
2022Q1,BN22,SM6,0.0018059465483359878,0.004112375844064247
2022Q2,BN22,SM6,0.002278623709920819,0.005188723393294522
2022Q3,BN22,SM6,0.004084620147661164,0.009301212842039674
2022Q4,BN22,SM6,0.005212095741437764,0.011868621828142328
2023Q1,BN22,SM6,0.00376213503789449,0.008566872184672584
2023Q3,BN22,SM6,0.004315982260368922,0.00982805454973458
2019Q1,BN23,SM6,0.0055349708546596505,0.011182279148457416
2019Q2,BN23,SM6,0.0033906592157415837,0.0068501350491832905
2019Q3,BN23,SM6,0.00383556444833549,0.007748975284500187
2020Q1,BN23,SM6,0.002984835016597217,0.006030250067095066
2020Q3,BN23,SM6,0.001511367592143925,0.00305340981101237
2020Q4,BN23,SM6,0.002626414142917545,0.005306133831009386
2021Q2,BN23,SM6,0.0008296425431863631,0.0016761234620659108
2022Q3,BN23,SM6,0.000701546724196358,0.001417331998965318
2023Q2,BN23,SM6,0.0021479666996003987,0.0043395284035329185
2023Q3,BN23,SM6,0.003893258175413517,0.007865533687108269
2019Q1,BN25,SM6,0.003819933371430524,0.003956226210160926
2019Q3,BN25,SM6,0.006783454452736457,0.0070254838741594825
2019Q4,BN25,SM6,0.005200668523776765,0.005386225131047103
2020Q1,BN25,SM6,0.0009068701387902726,0.0009392266993784679
2020Q4,BN25,SM6,0.005256062466333656,0.005443595494903907
2021Q1,BN25,SM6,0.0008260278899498215,0.0008555000495518057
2021Q4,BN25,SM6,0.004529579136523197,0.004691191693272992
2022Q2,BN25,SM6,0.0039831535427664695,0.004125269975346915
2022Q3,BN25,SM6,0.0017783100925392082,0.0018417590868247625
2022Q4,BN25,SM6,0.002301316663056537,0.002383426205377715
2023Q1,BN25,SM6,0.004317656172127333,0.004471707449765378
2023Q3,BN25,SM6,0.006322642665248349,0.0065482306096794176
2022Q1,BN26,SM6,0.026826423397380214,0.0032283042172649447
2019Q1,BN27,SM6,0.006319287770731661,0.009017030732756913
2019Q2,BN27,SM6,0.00650077263281631,0.00927599260287886
2019Q3,BN27,SM6,0.0053431547803439216,0.007624180542526527
2020Q1,BN27,SM6,0.0040583502346580105,0.005790885004429154
2020Q2,BN27,SM6,0.0028221114998392355,0.0040268883216835645
2020Q4,BN27,SM6,0.014690560666683204,0.02096205170880756
2021Q2,BN27,SM6,0.010134530294762129,0.014461023844043984
2021Q4,BN27,SM6,0.008253480900577892,0.01177694285065235
2023Q2,BN27,SM6,0.002250945717608362,0.0032118883408742355
2023Q3,BN27,SM6,0.002390950600247474,0.0034116621722449073
2019Q1,BN3,SM6,0.0022133196999865037,0.01117745094951897
2019Q2,BN3,SM6,0.006575677919718719,0.033207727472872116
2019Q3,BN3,SM6,0.0076025008812869235,0.038393269935101317
2019Q4,BN3,SM6,0.004037870421172871,0.020391585803645296
2020Q1,BN3,SM6,0.0027216415510140078,0.013744519121578909
2020Q2,BN3,SM6,0.002186178757218169,0.011040386902007615
2020Q3,BN3,SM6,0.005133766126023439,0.02592595143859195
2021Q4,BN3,SM6,0.003464839973483025,0.017497733766963383
2022Q1,BN3,SM6,0.006881719325348072,0.034753262354238236
2022Q2,BN3,SM6,0.004292081961789174,0.021675375500207303
2022Q3,BN3,SM6,0.00441286084427835,0.022285319031983896
2023Q1,BN3,SM6,0.005836382484046474,0.029474223239624595
2023Q2,BN3,SM6,0.0021130455579310933,0.010671058084386884
2023Q3,BN3,SM6,0.0023241105355721247,0.011736954002973941
2021Q3,BN44,SM6,0.006041335379817403,0.001703047771440292
2022Q3,BN44,SM6,0.009730374407690695,0.0027429850204406547
2019Q4,BN5,SM6,0.005374092261944262,0.001088787261789324
2019Q1,BN6,SM6,0.003769544147442823,0.0017195204501714535
2019Q3,BN6,SM6,0.0035170125825969567,0.0016043253037342276
2019Q4,BN6,SM6,0.002780711230065594,0.0012684530646398893
2020Q3,BN6,SM6,0.01056660305627496,0.004820076203759217
2020Q4,BN6,SM6,0.010834699929604914,0.0049423716427529785
2021Q1,BN6,SM6,0.002915818107707489,0.0013300836040306145
2021Q4,BN6,SM6,0.0100767316676637,0.004596615796419944
2022Q3,BN6,SM6,0.0049070568914600715,0.0022384098302030415
2019Q1,BN7,SM6,0.0030415336719230085,0.0038290457698882687
2019Q2,BN7,SM6,0.0017226333490631734,0.0021686565561276397
2019Q4,BN7,SM6,0.003759978126129062,0.004733509436909941
2020Q1,BN7,SM6,0.0013238635138390893,0.00166663747121038
2020Q2,BN7,SM6,0.00294881224044694,0.0037123169602588314
2020Q4,BN7,SM6,0.005788524519186272,0.007287285861304047
2021Q2,BN7,SM6,0.0023185772259176327,0.0029189018688213692
2021Q3,BN7,SM6,0.002372856487263477,0.002987235084385463
2022Q1,BN7,SM6,0.005383167175935177,0.006776973634680754
2022Q2,BN7,SM6,0.004075276113065688,0.005130444191990481
2022Q3,BN7,SM6,0.004720942139548677,0.005943285683862624
2023Q1,BN7,SM6,0.0043833549131234,0.005518290572598657
2023Q2,BN7,SM6,0.0010351862785184626,0.0013032160969966853
2019Q2,BN8,SM6,0.005569674119343286,0.0033131101115602
2019Q3,BN8,SM6,0.003185944885177866,0.0018951532868499066
2019Q4,BN8,SM6,0.002216716357886314,0.0013186095312592535
2020Q3,BN8,SM6,0.0028465716648828736,0.0016932777688825
2021Q1,BN8,SM6,0.000673780934834403,0.0004007973142312954
2021Q4,BN8,SM6,0.002109194060178897,0.001254650095909985
2022Q1,BN8,SM6,0.0013818429574813842,0.0008219866686849599
2022Q2,BN8,SM6,0.003786771081603329,0.0022525536129756594
2022Q4,BN8,SM6,0.004257539223430654,0.002532589151405405
2022Q1,BN9,SM6,0.005720957016116947,0.0036321688578806635
2022Q2,BN9,SM6,0.003840155715090885,0.0024380700568928096
2022Q3,BN9,SM6,0.0027982980825892925,0.001776606802325996
2023Q2,BN9,SM6,0.0032685431419648505,0.0020751599037431854
2019Q1,BR1,SM6,0.04519703903779592,0.12898698190840174
2019Q2,BR1,SM6,0.02390327620291105,0.0682171115802097
2019Q3,BR1,SM6,0.019093247317482357,0.05448986037012828
2020Q1,BR1,SM6,0.01465059797980839,0.04181106676011508
2023Q1,BR1,SM6,0.02969164371063556,0.08473642503288255
2023Q2,BR1,SM6,0.014644487592921366,0.041793628441596224
2023Q3,BR1,SM6,0.01734346737481458,0.049496196213946894
2019Q1,BR2,SM6,0.0364106319466228,0.09813757400642742
2019Q2,BR2,SM6,0.08185075617291307,0.2206123379889965
2019Q3,BR2,SM6,0.05032917615479484,0.13565222533941285
2019Q4,BR2,SM6,0.05186146742683352,0.1397822099090173
2020Q1,BR2,SM6,0.03265240035528954,0.08800801263357212
2023Q1,BR2,SM6,0.06478116037889144,0.17460465751392645
2023Q2,BR2,SM6,0.025268369894654863,0.06810583579526368
2023Q3,BR2,SM6,0.05715921887449205,0.15406123905425215
2019Q1,BR3,SM6,0.08266476497394691,0.27002094499396595
2019Q2,BR3,SM6,0.09829158496137202,0.32106528899693976
2019Q3,BR3,SM6,0.08371601754446786,0.2734548168813277
2019Q4,BR3,SM6,0.11015227300814898,0.35980772291880125
2020Q1,BR3,SM6,0.05729412587783981,0.1871488295770677
2023Q2,BR3,SM6,0.040926405239998416,0.13368436505678402
2023Q3,BR3,SM6,0.06933928264028161,0.22649382272644705
2019Q1,BR4,SM6,0.212306659760878,0.2809705049535904
2019Q2,BR4,SM6,0.14978228279227768,0.19822460433717712
2019Q3,BR4,SM6,0.121529795709738,0.16083474774616535
2019Q4,BR4,SM6,0.15076195300269926,0.19952111775800044
2020Q1,BR4,SM6,0.10337467184089973,0.13680792575825496
2023Q2,BR4,SM6,0.10380070498476147,0.1373717457895843
2023Q3,BR4,SM6,0.061830731830785524,0.08182791799236394
2019Q1,BR5,SM6,0.018955219215017603,0.03650436490570117
2019Q2,BR5,SM6,0.013811859273283971,0.026599172777632383
2019Q3,BR5,SM6,0.015817439305157246,0.030461561521366143
2019Q4,BR5,SM6,0.01484492603529349,0.02858867475197353
2020Q1,BR5,SM6,0.009908385911838541,0.019081780635156143
2021Q4,BR5,SM6,0.04844479938513222,0.09329602651797723
2022Q3,BR5,SM6,0.03256202837753811,0.06270864781250929
2022Q4,BR5,SM6,0.04274560380799332,0.08232039428408522
2023Q2,BR5,SM6,0.01485297820448774,0.028604181790917005
2023Q3,BR5,SM6,0.0052583614350976615,0.010126664453492223
2019Q1,BR6,SM6,0.01173586098652514,0.02639457074732327
2019Q2,BR6,SM6,0.01416557522594176,0.031859126305854066
2019Q3,BR6,SM6,0.011487164000822664,0.025835238100889658
2019Q4,BR6,SM6,0.01430685794535068,0.03217687859834413
2020Q1,BR6,SM6,0.012209867793437305,0.02746063707293168
2020Q4,BR6,SM6,0.021242440279437957,0.04777536930994504
2023Q2,BR6,SM6,0.00458262143472852,0.010306557465704596
2023Q3,BR6,SM6,0.01050305939557263,0.02362193490516652
2019Q2,BR7,SM6,0.013183381304661412,0.01237319701837994
2019Q3,BR7,SM6,0.024166798828446804,0.022681628961319464
2019Q4,BR7,SM6,0.01055897884441033,0.009910077129347676
2020Q1,BR7,SM6,0.0060926589781845385,0.005718234810990686
2020Q2,BR7,SM6,0.007533680645933037,0.0070706985371594986
2023Q1,BR7,SM6,0.01810700313315128,0.01699423782119436
2023Q2,BR7,SM6,0.006806330860002693,0.0063880480096039855
2019Q1,BR8,SM6,0.005649465276998835,0.008092515839555585
2019Q2,BR8,SM6,0.005988588638377487,0.008578289455103492
2019Q3,BR8,SM6,0.004050922135757453,0.005802699891243228
2020Q1,BR8,SM6,0.005525624975597344,0.00791512213032311
2020Q2,BR8,SM6,0.002896189642382057,0.004148615737272802
2021Q4,BR8,SM6,0.0046760321297674035,0.006698131986132986
2022Q4,BR8,SM6,0.004386159378168016,0.006282906877426811
2023Q1,BR8,SM6,0.004983471725273566,0.0071385205316595235
2023Q2,BR8,SM6,0.0020852200605819106,0.0029869510726832017
2023Q3,BR8,SM6,0.0014865991223952696,0.0021294629412155664
2019Q3,BS1,SM6,0.0005795207732218468,0.0009894967706787366
2019Q4,BS1,SM6,0.0006803214588052105,0.0011616078622491484
2019Q2,BS15,SM6,0.0006167357272263629,0.002092143803538417
2019Q4,BS15,SM6,0.0003927772033435272,0.0013324124999891578
2023Q3,BS15,SM6,0.00038599565551754235,0.001309407552105984
2019Q1,BS16,SM6,0.00029213723136804065,0.0011179268624413442
2019Q2,BS16,SM6,0.00027030227037305125,0.0010343706196360386
2019Q3,BS16,SM6,0.0002392791102917949,0.0009156537280907713
2020Q3,BS16,SM6,0.0003785122402258543,0.001448459681533168
2021Q3,BS16,SM6,0.0007021327838103277,0.002686864308073801
2022Q1,BS16,SM6,0.0004632396075673906,0.0017726874408347886
2022Q2,BS16,SM6,0.0006287459400583032,0.002406033536877723
2022Q3,BS16,SM6,0.0017168573035781563,0.00656992910373219
2023Q1,BS16,SM6,0.0008276949422444651,0.0031673553059596467
2023Q2,BS16,SM6,0.00035177888553382435,0.00134615866637861
2023Q3,BS16,SM6,0.0007539666952953742,0.002885218080933166
2019Q1,BS2,SM6,0.00041865659005411386,0.0007637074673809192
2019Q2,BS2,SM6,0.0009121700371175318,0.0016639677612091226
2022Q4,BS2,SM6,0.0009844735404351706,0.0017958627957393196
2023Q1,BS2,SM6,0.0004212410822054335,0.0007684220616384588
2023Q3,BS2,SM6,0.0005562885817267942,0.001014773812180002
2019Q1,BS3,SM6,0.00047747145577631993,0.0013841026298007336
2019Q2,BS3,SM6,0.0004955184542073944,0.0014364175853572845
2019Q4,BS3,SM6,0.0006672490668566194,0.0019342332970810761
2022Q2,BS4,SM6,0.0006419122707359914,0.001320143194451465
2019Q1,BS5,SM6,0.0002662086294289981,0.0006877059358557673
2019Q2,BS5,SM6,0.0005161241561565103,0.0013333213374363945
2019Q3,BS5,SM6,0.0006286367155674447,0.0016239789135307164
2020Q1,BS5,SM6,0.0006381355284784326,0.0016485175246061024
2020Q2,BS5,SM6,0.0008534639424536682,0.0022047828446552908
2020Q3,BS5,SM6,0.0005896959802309655,0.001523381968589727
2020Q4,BS5,SM6,0.00034483769185884015,0.0008908311053131248
2021Q1,BS5,SM6,0.000808520485069273,0.0020886788607708284
2021Q2,BS5,SM6,0.0008153587508454702,0.0021063443886514877
2021Q3,BS5,SM6,0.0020952358386296553,0.005412695021697865
2021Q4,BS5,SM6,0.0009725509117266056,0.002512424320544845
2022Q1,BS5,SM6,0.0010174064171396028,0.002628301095067499
2022Q2,BS5,SM6,0.001189858245058297,0.0030738018512347395
2022Q3,BS5,SM6,0.001887273402259004,0.004875458485700192
2022Q4,BS5,SM6,0.0006063848668037422,0.001566494944993008
2023Q3,BS5,SM6,0.0003109981708634467,0.000803412303357064
2019Q1,BS6,SM6,0.000283184159548403,0.0006152261494386566
2019Q2,BS6,SM6,0.002016147808244525,0.0043801420769563
2019Q3,BS6,SM6,0.0014458576330003401,0.003141169427011145
2019Q4,BS6,SM6,0.0021933111232754527,0.004765034735860957
2020Q1,BS6,SM6,0.0007029796415638362,0.001527244527740482
2020Q3,BS6,SM6,0.000627653857826513,0.0013635969848974602
2021Q3,BS6,SM6,0.0009320683319860602,0.0020249466347833692
2021Q4,BS6,SM6,0.0011162386966669716,0.002425062320929237
2022Q1,BS6,SM6,0.0009014255626212066,0.001958374291773296
2022Q2,BS6,SM6,0.0015540747169603476,0.0033762743141431363
2022Q3,BS6,SM6,0.00203024034466744,0.004410758538460079
2022Q4,BS6,SM6,0.002364408634131768,0.005136749251780684
2023Q1,BS6,SM6,0.00105963323960647,0.0023020852538500483
2023Q2,BS6,SM6,0.0016736390380401045,0.0036360314170314173
2023Q3,BS6,SM6,0.0017846275670109265,0.0038771573522513522
2019Q1,BS7,SM6,0.000269542388312778,0.0005792134655919104
2019Q4,BS7,SM6,0.0008618113647309503,0.0018519267057657207
2023Q1,BS7,SM6,0.001410147865972518,0.00303023445610784
2023Q3,BS7,SM6,0.0007764575967735157,0.001668511948445305
2019Q1,BS8,SM6,0.001033993500690427,0.0018818047368436208
2019Q2,BS8,SM6,0.000934960587602476,0.0017015709105885329
2020Q1,BS8,SM6,0.0008675133373084131,0.0015788210528711534
2020Q3,BS8,SM6,0.0010759100472637387,0.001958090280071034
2020Q4,BS8,SM6,0.001972137623475686,0.003589169486158286
2021Q1,BS8,SM6,0.000971165497524324,0.001767461625513179
2021Q2,BS8,SM6,0.0013102432056199742,0.002384562252186761
2021Q4,BS8,SM6,0.0019135543338866274,0.0034825514931293537
2022Q1,BS8,SM6,0.0013554681318930408,0.002466868843502116
2022Q2,BS8,SM6,0.0014734462004314759,0.002681581690411739
2022Q4,BS8,SM6,0.0017103698825148782,0.003112768256785005
2023Q2,BS8,SM6,0.0007238797205322549,0.0013174166821097555
2019Q1,CB1,SM6,0.0009479818817425223,0.004323226131823114
2019Q2,CB1,SM6,0.0009781987263767012,0.0044610286097603495
2019Q3,CB1,SM6,0.000262784413887843,0.0011984157788622267
2019Q4,CB1,SM6,0.0004494662223697367,0.002049769257561016
2020Q1,CB1,SM6,0.0005971750271993856,0.0027233882129846176
2020Q3,CB1,SM6,0.0004109291583556601,0.0018740228162016578
2021Q4,CB1,SM6,0.0007728836122176718,0.003524698829744947
2022Q3,CB1,SM6,0.0003635362919776507,0.0016578899107807285
2023Q1,CB1,SM6,0.0011892433329230856,0.0054234874663838
2023Q2,CB1,SM6,0.00070782896278473,0.0032280202055626826
2023Q3,CB1,SM6,0.0025826060598547955,0.01177785168809958
2019Q1,CB2,SM6,0.0011167602279311634,0.0019680306896501837
2019Q2,CB2,SM6,0.0010153889427739057,0.0017893873289277593
2019Q3,CB2,SM6,0.0013314932968397964,0.00234644788174328
2019Q4,CB2,SM6,0.0011818054595519412,0.002082657812682886
2020Q1,CB2,SM6,0.0007733871593205858,0.0013629153568120327
2022Q1,CB2,SM6,0.0008710517043210598,0.0015350264483824446
2022Q4,CB2,SM6,0.001507644035594777,0.0026568726723149964
2023Q2,CB2,SM6,0.0007809940347727678,0.001376320709158771
2023Q3,CB23,SM6,0.0034990348867369424,0.0038565381026671726
2021Q4,CB3,SM6,0.0006349822344917372,0.0007763175869613258
2022Q3,CB3,SM6,0.0016219993259926134,0.0019830265075295853
2021Q4,CB4,SM6,0.0007568488631660524,0.0014441427036587947
2022Q2,CB4,SM6,0.001481428053280185,0.0028267116702673173
2019Q2,CB5,SM6,0.0037851566916108467,0.004160203414725068
2019Q4,CB5,SM6,0.0019023978402265874,0.0020908941520484674
2019Q2,CB8,SM6,0.001797721795386496,0.004069319670001418
2019Q3,CB8,SM6,0.001369746568972249,0.003100555753587764
2019Q3,CB9,SM6,0.0005597441025060436,0.001071576152632283
2021Q2,CB9,SM6,0.0005786148816840899,0.0011077024411599338
2022Q2,CB9,SM6,0.0014145666624423867,0.002708051581062501
2019Q2,CF14,SM6,0.0005471000463672069,0.0019102627094102133
2023Q1,CF14,SM6,0.0006513304952840875,0.0022741953046879785
2023Q3,CF14,SM6,0.0005705588113645758,0.0019921716843424027
2019Q1,CF24,SM6,0.00147059574845313,0.005307213075477981
2019Q2,CF24,SM6,0.0010058847847349722,0.003630123973624381
2019Q3,CF24,SM6,0.0006691680481787465,0.002414951504328731
2019Q4,CF24,SM6,0.0006644461755584097,0.002397910802193047
2020Q1,CF24,SM6,0.0005067041508883544,0.0018286377461802852
2020Q3,CF24,SM6,0.0012309764525464328,0.004442454244432453
2021Q4,CF24,SM6,0.001023418671731823,0.003693401780888222
2022Q2,CF24,SM6,0.00035500612317233035,0.0012811767889012002
2023Q1,CF24,SM6,0.0010134083017767088,0.003657275492360571
2023Q3,CF24,SM6,0.000222951085556908,0.0008046051525065619
2019Q2,CF31,SM6,0.0005648793787087165,0.0021774609188977443
2019Q1,CM1,SM6,0.0019458114339794188,0.004302209265855771
2019Q2,CM1,SM6,0.001898848887091191,0.004198374587509001
2019Q3,CM1,SM6,0.0003387058086293195,0.000748882056522874
2019Q4,CM1,SM6,0.002727938226903493,0.0060314997185850145
2020Q1,CM1,SM6,0.002296360642015452,0.005077277201327147
2020Q2,CM1,SM6,0.0005020214052203831,0.001109974534778025
2020Q4,CM1,SM6,0.001424856004110992,0.0031503714061644145
2021Q1,CM1,SM6,0.0018352130946173726,0.0040576751902087005
2021Q2,CM1,SM6,0.002082126135176868,0.004603602484295574
2021Q3,CM1,SM6,0.0018237293646069573,0.004032284544026531
2021Q4,CM1,SM6,0.002035369113657954,0.004500222224672423
2022Q1,CM1,SM6,0.001737357328152788,0.0038413150754259616
2022Q3,CM1,SM6,0.0012568133240257082,0.002778827297266044
2022Q4,CM1,SM6,0.0016630342164746467,0.003676985904497513
2023Q1,CM1,SM6,0.0021640279948484603,0.004784688345657447
2023Q3,CM1,SM6,0.0007405849776515013,0.0016374410682179071
2021Q2,CM11,SM6,0.0026474784173942762,0.002410123305390287
2021Q3,CM11,SM6,0.0011414169853734032,0.001039085213893578
2021Q4,CM11,SM6,0.0021508656263492364,0.0019580334777305817
2020Q3,CM12,SM6,0.0020934236096163475,0.002133098291004512
2020Q4,CM12,SM6,0.0004669271737050709,0.0004757764036283065
2022Q2,CM12,SM6,0.001027953328930457,0.0010474351579400636
2023Q1,CM12,SM6,0.001947759724123111,0.001984673775402702
2019Q2,CM14,SM6,0.002113763422158916,0.0021828003389002576
2021Q1,CM14,SM6,0.0021806504920388273,0.002251871984890232
2022Q2,CM14,SM6,0.0014226153686711786,0.0014690789311173464
2019Q1,CM15,SM6,0.0007720101830699362,0.0012579446316562171
2019Q2,CM15,SM6,0.0012850452171275651,0.0020939046760924387
2020Q4,CM15,SM6,0.0015718038085631876,0.002561160728652902
2021Q4,CM15,SM6,0.0010859595964505852,0.001769506509769461
2022Q1,CM15,SM6,0.001838622463905791,0.002995925842474661
2019Q3,CM16,SM6,0.00589701901923933,0.00650097106242312
2020Q3,CM16,SM6,0.002710230761404545,0.002987803107789986
2021Q3,CM16,SM6,0.0016623607424941984,0.001832613910011945
2019Q1,CM18,SM6,0.0029514750883963344,0.002144799573137682
2019Q2,CM18,SM6,0.0018575400302087047,0.0013498508185080082
2020Q3,CM18,SM6,0.0020129343064271407,0.001462773871327143
2021Q2,CM18,SM6,0.0008189465955435367,0.0005951181209185491
2021Q4,CM18,SM6,0.004410993159598865,0.0032054128740626746
2022Q1,CM18,SM6,0.0019990989005465253,0.0014527198570670893
2022Q2,CM18,SM6,0.0043226654271407,0.0031412262293515967
2022Q3,CM18,SM6,0.003541160410223235,0.002573316429509691
2022Q4,CM18,SM6,0.0022256243595410053,0.0016173330396977998
2023Q1,CM18,SM6,0.0011549828095591575,0.0008393113825229054
2023Q2,CM18,SM6,0.0026606970664986573,0.0019334948666551964
2021Q3,CM19,SM6,0.0062603588029638176,0.002002850524347432
2022Q3,CM19,SM6,0.0013699639399792633,0.00043828685892980095
2019Q1,CM2,SM6,0.0012470250988084234,0.006592252423529936
2019Q2,CM2,SM6,0.0008892586094418652,0.0047009616958307845
2019Q3,CM2,SM6,0.0006750564540621701,0.00356860703891456
2019Q4,CM2,SM6,0.0007979688420926861,0.004218369011348204
2020Q1,CM2,SM6,0.0006052352548819714,0.003199505430655637
2021Q2,CM2,SM6,0.000950290374807136,0.0050235989895997405
2021Q4,CM2,SM6,0.0018711608599012238,0.009891673171041136
2022Q1,CM2,SM6,0.0012407607468351925,0.006559136659046256
2022Q2,CM2,SM6,0.0007713319149200617,0.004077556009366999
2022Q4,CM2,SM6,0.0007482193572966997,0.003955374175054142
2023Q1,CM2,SM6,0.0010105592431053406,0.005342203317196585
2023Q2,CM2,SM6,0.00043091864757197404,0.002278001061498281
2023Q3,CM2,SM6,0.0005238953844919894,0.0027695117134318697
2019Q1,CM20,SM6,0.0006410660326316753,0.0023399156125912678
2019Q2,CM20,SM6,0.0013471194846028144,0.004917037798911261
2019Q4,CM20,SM6,0.0011919340091111634,0.0043506048599211145
2020Q1,CM20,SM6,0.0005663989737258447,0.002067377983101223
2020Q3,CM20,SM6,0.001181974251357989,0.0043142513620316545
2020Q4,CM20,SM6,0.0013670545622306528,0.0049898015970306344
2022Q1,CM20,SM6,0.0015866516585666618,0.005791339423152772
2022Q2,CM20,SM6,0.0008609899335189606,0.0031426462878629048
2022Q3,CM20,SM6,0.00047965570854429035,0.0017507617374202086
2022Q4,CM20,SM6,0.00043969218055967744,0.0016048933271387506
2023Q2,CM20,SM6,0.0010179494908603957,0.003715554693664611
2023Q3,CM20,SM6,0.0010280804319499528,0.003752533017299047
2019Q1,CM23,SM6,0.0015193450169296173,0.00521235316692267
2019Q2,CM23,SM6,0.0009814323406874565,0.0033669587303089624
2019Q4,CM23,SM6,0.0013898671442315845,0.004768158864585832
2020Q1,CM23,SM6,0.0010374952661293417,0.003559291455080386
2019Q2,CM3,SM6,0.001999636815906053,0.003620297168726136
2021Q3,CM3,SM6,0.0005144119437294366,0.000931331174055601
2022Q1,CM3,SM6,0.0009869706590534654,0.0017868880259478586
2022Q2,CM3,SM6,0.0005485157362906648,0.0009930753181272305
2019Q3,CM6,SM6,0.001372709942520591,0.0018279561180948578
2021Q2,CM6,SM6,0.0017482952582004582,0.002328100725777193
2019Q4,CM7,SM6,0.0004809057515786631,0.0012204550869577115
2020Q2,CM7,SM6,0.0005557968734618523,0.0014105157181110446
2019Q2,CM77,SM6,0.002042217159155424,0.0020110300613725607
2019Q4,CM8,SM6,0.001151074107090556,0.0019672354568838514
2020Q1,CM8,SM6,0.0014308908399059456,0.0024454543611516057
2020Q3,CM8,SM6,0.0010905507349018373,0.001863798394920248
2020Q4,CM8,SM6,0.0007672941078246925,0.0013113388316813616
2021Q4,CM8,SM6,0.002259605701055598,0.003861763917988783
2022Q1,CM8,SM6,0.001407459221348534,0.002405408711132748
2022Q2,CM8,SM6,0.0011327608846435574,0.001935937367294645
2023Q1,CM8,SM6,0.0010841361215946307,0.0018528355432129565
2023Q2,CM8,SM6,0.0008071112412031029,0.0013793880355431945
2019Q2,CM9,SM6,0.0009771870124867083,0.002292599262994517
2019Q3,CM9,SM6,0.0007927705343491187,0.0018599358357694925
2020Q3,CM9,SM6,0.0009021565981833881,0.0021165688099328986
2021Q2,CM9,SM6,0.0010850719838115214,0.0025457104920498822
2022Q2,CM9,SM6,0.0008074909254095959,0.0018944716587644796
2019Q1,CO1,SM6,0.0012442025852348294,0.003578888262536423
2019Q2,CO1,SM6,0.000538174984214278,0.0015480341843460167
2019Q4,CO1,SM6,0.0015357132122106182,0.004417404412292996
2020Q1,CO1,SM6,0.0025546378383247462,0.0073482915749497986
2020Q4,CO1,SM6,0.0010959788509115485,0.003152529895101601
2019Q2,CO10,SM6,0.0028117576404847067,0.00738271379326388
2019Q4,CO10,SM6,0.0010151982795911878,0.002665563430404195
2020Q3,CO10,SM6,0.0008212533741735176,0.0021563304482494954
2022Q4,CO10,SM6,0.00042496974032623616,0.00111582517584461
2023Q2,CO10,SM6,0.0004315679774876851,0.0011331498896825555
2019Q3,CO16,SM6,0.0007761686471571813,0.0008920239544626225
2022Q3,CO16,SM6,0.0008334521075529514,0.0009578578670468162
2019Q1,CO2,SM6,0.0005676714058580232,0.0006347661545542412
2019Q2,CO2,SM6,0.0010315618110746199,0.0011534851275644725
2021Q3,CO2,SM6,0.0016518094947906346,0.0018470417044868246
2022Q3,CO2,SM6,0.003304330166286595,0.0036948786417399814
2022Q4,CO2,SM6,0.0030387564651836205,0.003397916005855456
2019Q1,CO3,SM6,0.0009922204904338585,0.0029135624488188547
2019Q3,CO3,SM6,0.0009552344381906764,0.002804956373874093
2021Q2,CO3,SM6,0.0011688327587289695,0.003432167817148181
2022Q2,CO3,SM6,0.00030372280662667445,0.0008918535474412657
2022Q3,CO3,SM6,0.0006994464837913059,0.0020538590260735803
2019Q1,CO4,SM6,0.0011349638678049322,0.0023650790494116284
2020Q1,CO4,SM6,0.0007913154425721638,0.0016489719433297205
2022Q4,CO4,SM6,0.0009513230777047369,0.0019824016817846105
2023Q3,CO4,SM6,0.0031489339042844963,0.006561863171387965
2019Q1,CR0,SM6,0.7502293209658085,5.408066426183771
2019Q2,CR0,SM6,0.9850663232385176,7.100900966403723
2019Q3,CR0,SM6,0.9103469499625616,6.562282543067523
2019Q4,CR0,SM6,0.8734209942040924,6.296099902624941
2020Q1,CR0,SM6,0.8468954389215905,6.10488908087979
2023Q2,CR0,SM6,0.6928594350255662,4.994512669543066
2023Q3,CR0,SM6,0.5793535933381103,4.176300005160095
2019Q1,CR2,SM6,0.6692981946579375,1.0772197491679194
2020Q1,CR2,SM6,0.5288275775083551,0.8511355849208143
2023Q2,CR2,SM6,0.2688602468724082,0.4327242625316496
2023Q3,CR2,SM6,0.3622283500674008,0.5829980351292245
2019Q1,CR3,SM6,0.30070324500441514,0.4840331918364501
2019Q3,CR3,SM6,0.3080199305478566,0.4958106459081665
2020Q1,CR3,SM6,0.2709834026605054,0.4361940334981772
2020Q2,CR3,SM6,0.4327704053680319,0.6966178254563471
2020Q3,CR3,SM6,0.7534365945665589,1.212784782914738
2023Q2,CR3,SM6,0.13586063920243754,0.2186908852185172
2023Q3,CR3,SM6,0.1979007448122249,0.3185550231653321
2020Q1,CR4,SM6,0.9478754769328768,1.8023906911111167
2023Q2,CR4,SM6,1.100989626608844,2.0935381305895002
2023Q3,CR4,SM6,0.8892501729157021,1.6909143371009612
2022Q3,CR44,SM6,5.4452526847007405,0.013676810731759793
2023Q2,CR44,SM6,2.295641043327231,0.005765948776970602
2023Q3,CR44,SM6,1.8106818127850213,0.004547879388311886
2019Q1,CR5,SM6,1.5320923675439209,0.907460388096913
2020Q1,CR5,SM6,1.872155491268115,1.1088802376892115
2020Q2,CR5,SM6,4.905545238404729,2.9055611007357247
2020Q3,CR5,SM6,4.250938268634602,2.517836504345479
2020Q4,CR5,SM6,3.242871369518384,1.9207571122157936
2021Q1,CR5,SM6,2.5248552762385876,1.4954752059348828
2021Q2,CR5,SM6,2.5674269169477677,1.5206904464897355
2021Q3,CR5,SM6,1.7665148881838952,1.046309165145278
2021Q4,CR5,SM6,1.844527924223153,1.0925163922423569
2022Q1,CR5,SM6,1.8929166368080568,1.1211770923620241
2022Q2,CR5,SM6,1.5927731052965572,0.9434016714017108
2022Q3,CR5,SM6,1.459492947532239,0.8644596531183653
2022Q4,CR5,SM6,1.396410750808008,0.8270959824063021
2023Q1,CR5,SM6,1.3309898144192156,0.7883470730176291
2023Q2,CR5,SM6,0.8535824369162375,0.5055780355582981
2023Q3,CR5,SM6,1.0193042041941138,0.603735263174522
2019Q1,CR6,SM6,0.20904872175259545,0.1240981180703548
2019Q3,CR6,SM6,0.1967621566405444,0.11680441354457967
2019Q4,CR6,SM6,0.17374564680694762,0.10314106496750704
2020Q1,CR6,SM6,0.15896062367814667,0.09436419453018237
2023Q2,CR6,SM6,0.05284088956783762,0.0313680700726441
2023Q3,CR6,SM6,0.05722962517337739,0.033973366219828424
2019Q1,CR7,SM6,0.2536199993969629,0.440662162400494
2019Q2,CR7,SM6,0.31499343322608153,0.5472978777596468
2019Q3,CR7,SM6,0.3152124381827543,0.5476783966383366
2019Q4,CR7,SM6,0.2655284879060805,0.4613530397359824
2020Q1,CR7,SM6,0.2928077963090512,0.5087505598772388
2023Q2,CR7,SM6,0.17629287668272114,0.30630707530764945
2023Q3,CR7,SM6,0.1999710099853288,0.34744759043872536
2019Q1,CR8,SM6,1.6451574797931632,2.50703076791188
2019Q2,CR8,SM6,2.3811871659458177,3.6286553491119866
2019Q3,CR8,SM6,1.8035183675551347,2.7483545456836085
2019Q4,CR8,SM6,2.0508109631724127,3.1252000170163905
2020Q1,CR8,SM6,1.5180312914542615,2.313305079345545
2020Q2,CR8,SM6,1.6195037706391022,2.4679374659330446
2020Q3,CR8,SM6,2.8372150448621034,4.323589382790307
2021Q2,CR8,SM6,2.027885164947964,3.090263737521215
2021Q3,CR8,SM6,1.8989616655956707,2.8937991537029517
2021Q4,CR8,SM6,1.887370765197205,2.8761359547182512
2022Q1,CR8,SM6,1.4922496928380298,2.2740168885366177
2022Q2,CR8,SM6,1.84244018906914,2.807666924758136
2022Q3,CR8,SM6,1.4779966340635131,2.252296866396815
2022Q4,CR8,SM6,1.7365144280934344,2.6462482489521206
2023Q1,CR8,SM6,1.7569088648298408,2.6773270247048413
2023Q2,CR8,SM6,1.0756056924958095,1.6390993557450713
2023Q3,CR8,SM6,0.9680545686527324,1.4752038138836348
2019Q1,CR9,SM6,0.6833201349895273,0.16087297572128972
2019Q2,CR9,SM6,0.8569164755859442,0.2017424868860678
2019Q3,CR9,SM6,0.6031048364430153,0.14198801519580073
2019Q4,CR9,SM6,0.9206970330713832,0.21675824238696872
2020Q1,CR9,SM6,0.7725570850731832,0.1818818893609704
2023Q2,CR9,SM6,0.8365176316484466,0.1969400194078488
2023Q3,CR9,SM6,0.7281960475096964,0.17143804063839266
2019Q1,CT1,SM6,0.00195847635570841,0.006622357663969644
2019Q2,CT1,SM6,0.0012264793131819148,0.004147195678761495
2019Q3,CT1,SM6,0.0006394034063037518,0.0021620674846351755
2019Q4,CT1,SM6,0.0016966204773629595,0.005736922780999487
2020Q1,CT1,SM6,0.0017053389275080255,0.005766403195694221
2020Q2,CT1,SM6,0.0007182726229339732,0.002428754473058635
2020Q3,CT1,SM6,0.0011736310585453492,0.003968495515698619
2020Q4,CT1,SM6,0.001945743050872264,0.006579301489906816
2021Q2,CT1,SM6,0.001352670059790269,0.004573894860239031
2021Q4,CT1,SM6,0.0007182558243787804,0.002428697670718183
2022Q1,CT1,SM6,0.0017341484496636867,0.005863819209569882
2022Q2,CT1,SM6,0.0014443229769222153,0.004883808429746677
2022Q3,CT1,SM6,0.0001876734586140219,0.0006345957475328845
2022Q4,CT1,SM6,0.00027344688142848624,0.0009246284978822318
2023Q2,CT1,SM6,0.0010706895123238378,0.003620410773407041
2019Q1,CT10,SM6,0.002100126855465567,0.0037849103513568467
2019Q2,CT10,SM6,0.00167369075992058,0.0030163746850374834
2019Q3,CT10,SM6,0.0010857573581248528,0.001956783826240632
2019Q4,CT10,SM6,0.003206717492168043,0.0057792405246364364
2020Q1,CT10,SM6,0.0012134045264143726,0.0021868333050723697
2020Q4,CT10,SM6,0.0013984456437051793,0.0025203198458677127
2022Q1,CT10,SM6,0.0010024242438143617,0.0018065984380848004
2022Q3,CT10,SM6,0.0016102769074271199,0.002902088376047493
2019Q3,CT11,SM6,0.0009877766066072392,0.0009338872793759537
2022Q2,CT11,SM6,0.001764732210076907,0.0016684551461048527
2023Q3,CT11,SM6,0.003412368342891025,0.00322620253066821
2019Q1,CT12,SM6,0.001813825086673169,0.0029879167124708906
2019Q3,CT12,SM6,0.0019157885249700512,0.0031558812331882857
2019Q4,CT12,SM6,0.0013593860764213597,0.002239318667650278
2020Q1,CT12,SM6,0.000976669741738543,0.00160886949097041
2021Q2,CT12,SM6,0.001130287299267325,0.0018619239176853226
2022Q1,CT12,SM6,0.0011170461899315106,0.0018401118189516465
2019Q1,CT14,SM6,0.000584900320427593,0.0008064228274010347
2019Q3,CT14,SM6,0.0025017188249154567,0.0034492085192838647
2019Q4,CT14,SM6,0.0012578014216140321,0.001734175454008142
2020Q1,CT14,SM6,0.002764279206833118,0.003811209834986253
2020Q3,CT14,SM6,0.004273187725228595,0.005891595554051048
2020Q4,CT14,SM6,0.004565287695069521,0.0062943241478577204
2021Q2,CT14,SM6,0.002689750455712916,0.0037084544011080772
2021Q3,CT14,SM6,0.004272569742217649,0.005890743518944264
2021Q4,CT14,SM6,0.0012920788792878898,0.0017814350012644398
2023Q2,CT14,SM6,0.001843978906930916,0.0025423591539631978
2020Q3,CT16,SM6,0.002040114535489109,0.0028044451528100225
2020Q4,CT16,SM6,0.0012197630432857294,0.0016767482878108858
2022Q2,CT16,SM6,0.0009492325834330355,0.0013048633648698015
2019Q4,CT17,SM6,0.0020299773067948648,0.0014357927596123097
2019Q1,CT19,SM6,0.0006176743900120107,0.0014355655502505005
2019Q3,CT19,SM6,0.0016499015835449214,0.003834612399252593
2019Q4,CT19,SM6,0.001608500071390435,0.003738389234526429
2020Q1,CT19,SM6,0.0011868107616421965,0.0027583216523627704
2020Q4,CT19,SM6,0.0010730665836215462,0.002493963559897854
2021Q2,CT19,SM6,0.0013470644305896404,0.003130774598708377
2021Q4,CT19,SM6,0.0011539388408347677,0.0026819225044544524
2022Q1,CT19,SM6,0.0007694717878818558,0.0017883648867996179
2022Q2,CT19,SM6,0.0019466775942249296,0.004524363219364642
2022Q3,CT19,SM6,0.001071038056166515,0.0024892489656403146
2023Q1,CT19,SM6,0.0011542565620024227,0.002682660934880332
2023Q2,CT19,SM6,0.0006432631640531838,0.0014950376007040387
2023Q3,CT19,SM6,0.002786048038990984,0.006475182799857785
2019Q2,CT2,SM6,0.005934487241417814,0.006948175888803929
2019Q3,CT2,SM6,0.003581398670406493,0.00419314877218739
2019Q4,CT2,SM6,0.0036540260587781884,0.004278181875844457
2020Q1,CT2,SM6,0.0020503046492826985,0.002400523709853852
2020Q3,CT2,SM6,0.0016867310698187824,0.001974846970504457
2021Q2,CT2,SM6,0.0023861759984458537,0.0027937663128049933
2021Q3,CT2,SM6,0.003057918696772165,0.0035802515187072772
2022Q1,CT2,SM6,0.001590622281332258,0.001862321534068488
2022Q2,CT2,SM6,0.0016969192806124073,0.0019867754619994358
2022Q3,CT2,SM6,0.004708408845339341,0.005512667140893881
2023Q2,CT2,SM6,0.0011378775997793807,0.001332242092967801
2023Q3,CT2,SM6,0.0014403704297710426,0.0016864046856877733
2019Q4,CT20,SM6,0.0021143010231281217,0.001640621999283235
2020Q1,CT20,SM6,0.002187064074645948,0.0016970835256928025
2019Q1,CT21,SM6,0.0044500192133139676,0.0042493830892351495
2019Q2,CT21,SM6,0.0022778911342687482,0.0021751888252796526
2019Q3,CT21,SM6,0.0037467960193586437,0.003577865820408282
2019Q4,CT21,SM6,0.002866963989093614,0.0027377024027785924
2021Q2,CT21,SM6,0.006379986776152782,0.00609233502520941
2021Q4,CT21,SM6,0.002131797735152332,0.0020356822771288503
2019Q2,CT5,SM6,0.0042649098167403384,0.008801977071804575
2019Q3,CT5,SM6,0.0025258412195684915,0.005212864387986741
2019Q4,CT5,SM6,0.001892289166292469,0.003905331313115681
2020Q1,CT5,SM6,0.0013255904922860706,0.0027357711232032147
2020Q3,CT5,SM6,0.002901117393443054,0.005987364300053594
2020Q4,CT5,SM6,0.0018403532557606538,0.003798145296682228
2021Q1,CT5,SM6,0.00248136404340558,0.005121071805815855
2021Q2,CT5,SM6,0.0029844020067283073,0.006159248182262197
2021Q3,CT5,SM6,0.005896473556181781,0.012169219813815798
2021Q4,CT5,SM6,0.0018216100893207144,0.003759462902834225
2022Q1,CT5,SM6,0.0025923092767673964,0.005350042040179
2022Q2,CT5,SM6,0.0016704262225738884,0.0034474476467298443
2022Q3,CT5,SM6,0.002665823223259436,0.005501761091527043
2022Q4,CT5,SM6,0.0011807644397060961,0.002436877207743312
2023Q1,CT5,SM6,0.0013880952367575873,0.002864769238370345
2023Q3,CT5,SM6,0.0007961304441140892,0.0016430644999226832
2019Q1,CT6,SM6,0.0016079291206822185,0.0025028247250084104
2019Q2,CT6,SM6,0.001903371773331741,0.002962696473310078
2019Q4,CT6,SM6,0.0028118871241670303,0.004376847541210068
2020Q1,CT6,SM6,0.002682229546985242,0.004175028825583113
2021Q1,CT6,SM6,0.001617782074760204,0.0025181613569305256
2021Q3,CT6,SM6,0.0022403428027988463,0.003487209285046441
2021Q4,CT6,SM6,0.004984427005940331,0.0077585180776961705
2022Q1,CT6,SM6,0.003890493656326358,0.00605575431795814
2022Q2,CT6,SM6,0.0016014334694752505,0.0024927139084079037
2022Q3,CT6,SM6,0.0016909493818948744,0.002632050049537349
2022Q4,CT6,SM6,0.001991391496428412,0.00309970371848098
2023Q1,CT6,SM6,0.0011160842500781843,0.001737242780392565
2019Q1,CT9,SM6,0.004332425676843527,0.006557887007556306
2019Q2,CT9,SM6,0.007533852250393128,0.011403808276221313
2019Q3,CT9,SM6,0.006313390926645546,0.009556425757691773
2019Q4,CT9,SM6,0.0055523616352025395,0.008404474293319511
2020Q1,CT9,SM6,0.002833182962261128,0.004288519901806771
2020Q2,CT9,SM6,0.0017397474842499655,0.002633413305708204
2020Q4,CT9,SM6,0.002622511441444508,0.003969631562507665
2021Q2,CT9,SM6,0.0009613436088849596,0.0014551623577065372
2021Q3,CT9,SM6,0.0058570360344740256,0.00886565249545158
2021Q4,CT9,SM6,0.003440580403646558,0.005207922584367393
2022Q1,CT9,SM6,0.0041374775915848285,0.0062627988489067045
2022Q2,CT9,SM6,0.004197369245881821,0.006353455384268546
2022Q4,CT9,SM6,0.005064109558724976,0.007665419041694882
2023Q1,CT9,SM6,0.0016435305659432654,0.0024877721047885555
2019Q1,CV1,SM6,0.00028842141803370045,0.0006518636590303778
2019Q2,CV1,SM6,0.0009827087719184145,0.0022210283140246434
2020Q1,CV1,SM6,0.0006884817293146732,0.0015560433143497884
2022Q2,CV1,SM6,0.0011540375281693495,0.002608249868887844
2022Q4,CV1,SM6,0.0003436879480316185,0.0007767720056849442
2019Q3,CV2,SM6,0.00022936520630532816,0.0007148006522515053
2022Q4,CV22,SM6,0.0009128232679710467,0.0019858098222117477
2019Q1,CV31,SM6,0.0008463943058516452,0.0020717517633160485
2021Q4,CV31,SM6,0.0005098833572278769,0.0012480610244175205
2023Q3,CV31,SM6,0.0012655884149434151,0.0030978292412460547
2019Q1,CV32,SM6,0.0002455191167382708,0.0005326923487614922
2019Q2,CV32,SM6,0.0010837085005613114,0.0023512760806817237
2019Q3,CV32,SM6,0.0012214170262643724,0.002650056391460723
2019Q4,CV32,SM6,0.0006675198250667187,0.0014482892745118112
2019Q1,CV4,SM6,0.0009039407977969004,0.001278904695283109
2019Q2,CV4,SM6,0.002625302632375719,0.003714305042174661
2019Q4,CV4,SM6,0.0008991229920791287,0.0012720884144288352
2020Q1,CV4,SM6,0.00046604240643244153,0.0006593615679700791
2023Q1,CV4,SM6,0.0006086494556784813,0.0008611234812565817
2020Q3,CV5,SM6,0.001156850040747598,0.002773147063220816
2020Q4,CV5,SM6,0.0007126495765241188,0.0017083303891023544
2021Q4,CV5,SM6,0.0003037320788657076,0.0007280923999173392
2022Q4,CV5,SM6,0.0003561233744166578,0.0008536823746573326
2023Q2,CV5,SM6,0.0007964851277042464,0.0019092970696225247
2019Q2,CV6,SM6,0.0004106144104356312,0.0015510447083899876
2021Q2,CV6,SM6,0.0007023572573140345,0.002653066915504693
2021Q3,CV6,SM6,0.0008402813535755011,0.003174057982133016
2022Q1,CV6,SM6,0.0007440111764858903,0.002810409398557512
2022Q2,CV6,SM6,0.0006853949393263617,0.0025889938754745205
2022Q4,CV6,SM6,0.0006117411862203146,0.002310776011939248
2023Q1,CV6,SM6,0.000504914672936248,0.0019072521853662427
2023Q3,CV6,SM6,0.0004345541358224885,0.0016414740343900192
2019Q1,DA1,SM6,0.005575700443719154,0.017944313767599217
2019Q2,DA1,SM6,0.004234901110976669,0.01362921037046078
2019Q3,DA1,SM6,0.002605192853600307,0.008384309462458953
2019Q4,DA1,SM6,0.004755516087452048,0.015304709006781715
2020Q1,DA1,SM6,0.0031417279137716807,0.010111043809867843
2020Q2,DA1,SM6,0.008696778138062548,0.027988898839137896
2022Q1,DA1,SM6,0.005659836850569279,0.01821509052453524
2022Q2,DA1,SM6,0.008838329214827391,0.028444453609565188
2022Q3,DA1,SM6,0.0049676662049973576,0.015987473139018136
2023Q1,DA1,SM6,0.008567952538398385,0.027574298556176696
2023Q2,DA1,SM6,0.004528187176138935,0.014573094861756338
2023Q3,DA1,SM6,0.002803664406994402,0.009023051780844851
2019Q1,DA10,SM6,0.004314414040345414,0.0015806387277656265
2019Q2,DA10,SM6,0.002951885899095711,0.0010814597598709796
2019Q3,DA10,SM6,0.0032176316016562477,0.0011788189714061895
2019Q4,DA10,SM6,0.003629428909708047,0.0013296859876474484
2021Q4,DA10,SM6,0.020670178281193444,0.007572774424417212
2022Q1,DA10,SM6,0.02406347492427389,0.008815950447555836
2022Q4,DA10,SM6,0.003481361730043337,0.00127543975251552
2019Q1,DA11,SM6,0.004079825784024764,0.01640002853772305
2019Q2,DA11,SM6,0.0033526041612503537,0.013476752888686858
2019Q3,DA11,SM6,0.003672310931327904,0.01476190584141972
2020Q1,DA11,SM6,0.0018713832657878558,0.007522561155457396
2020Q3,DA11,SM6,0.003928118739447854,0.015790198610627363
2021Q3,DA11,SM6,0.005025931732478787,0.02020317244036508
2022Q3,DA11,SM6,0.003498814368984825,0.014064486705346609
2022Q4,DA11,SM6,0.003878802645411583,0.015591958442448903
2023Q1,DA11,SM6,0.002462611166784307,0.009899171079980836
2023Q2,DA11,SM6,0.0016644817618110392,0.006690861286555096
2023Q3,DA11,SM6,0.003305817460002762,0.013288680339449356
2019Q1,DA12,SM6,0.005153089754307195,0.004682046516460175
2019Q2,DA12,SM6,0.00288409731805663,0.002620462372085084
2019Q3,DA12,SM6,0.002765565063162403,0.002512765134587559
2019Q4,DA12,SM6,0.0034223687920225017,0.0031095305233792237
2020Q1,DA12,SM6,0.0016727051750790795,0.0015198034211412331
2021Q2,DA12,SM6,0.0017804845038964048,0.0016177306560809658
2022Q1,DA12,SM6,0.0047893032610426866,0.004351513697368351
2023Q1,DA12,SM6,0.0091391744442101,0.00830376374369762
2023Q2,DA12,SM6,0.003164736185261369,0.002875448078375374
2023Q3,DA12,SM6,0.001417760799837172,0.0012881634767768306
2019Q2,DA13,SM6,0.0029723236271925924,0.0021972281333751376
2019Q3,DA13,SM6,0.0018324027076589047,0.0013545654127655475
2020Q1,DA13,SM6,0.0024203052998633024,0.0017891601195659504
2023Q1,DA13,SM6,0.013479113438676131,0.009964152957458249
2023Q2,DA13,SM6,0.006447257482539538,0.004766000375648646
2023Q3,DA13,SM6,0.0027542517991078863,0.002036023091171564
2019Q1,DA14,SM6,0.008818508627045687,0.01036443905062547
2019Q2,DA14,SM6,0.006905129312959486,0.008115634392119663
2019Q3,DA14,SM6,0.0057802033994795565,0.006793503115752367
2019Q4,DA14,SM6,0.00504699103337696,0.005931754808750811
2020Q1,DA14,SM6,0.0017798438999710165,0.0020918597918361567
2022Q2,DA14,SM6,0.013725778023720872,0.016131978293128738
2022Q3,DA14,SM6,0.0027856850286591198,0.0032740301013290305
2023Q2,DA14,SM6,0.005560979136567331,0.006535847699460821
2023Q3,DA14,SM6,0.002477340496608856,0.002911631169243477
2019Q2,DA15,SM6,0.003765156284305578,0.003399336064366763
2019Q3,DA15,SM6,0.002373473486931705,0.0021428682935623047
2019Q4,DA15,SM6,0.0035811295129530205,0.003233189218543841
2020Q1,DA15,SM6,0.004535426288295104,0.0040947671185240396
2021Q2,DA15,SM6,0.03924746817027936,0.03543420881158019
2021Q3,DA15,SM6,0.013345181052538948,0.012048571642695152
2021Q4,DA15,SM6,0.017860285752065892,0.016124991605253106
2022Q2,DA15,SM6,0.0147256020406574,0.013294871794558656
2022Q3,DA15,SM6,0.013562867421386758,0.012245107740660044
2022Q4,DA15,SM6,0.008869146652160705,0.008007425933558066
2023Q2,DA15,SM6,0.008058044725228336,0.007275130160447259
2023Q3,DA15,SM6,0.006255463177870343,0.005647686304148953
2019Q2,DA16,SM6,0.006643932729793841,0.011892706020494092
2019Q4,DA16,SM6,0.003611783614842983,0.0064651287855977315
2021Q1,DA16,SM6,0.0010962155807934671,0.0019622368509240513
2021Q3,DA16,SM6,0.002527118836521909,0.00452356798659831
2022Q1,DA16,SM6,0.0016066404647727096,0.0028759024970989922
2022Q2,DA16,SM6,0.001395457523965631,0.002497882921389061
2022Q3,DA16,SM6,0.003712504073764346,0.006645419414193271
2022Q4,DA16,SM6,0.0012057260734644256,0.0021582617278248727
2023Q2,DA16,SM6,0.0036437069865111905,0.0065222719400927255
2020Q2,DA17,SM6,0.003521137639817997,0.0012505035250569686
2020Q3,DA17,SM6,0.00871879423219435,0.0030964091827347475
2021Q1,DA17,SM6,0.033833470390138544,0.012015683087573285
2022Q2,DA17,SM6,0.003163665796756756,0.0011235502941461203
2022Q3,DA17,SM6,0.008205698181840677,0.002914187274563829
2023Q2,DA17,SM6,0.00420249336753204,0.001492481495383686
2023Q3,DA17,SM6,0.00894959148925805,0.003178374960007389
2019Q2,DA2,SM6,0.015680607169062732,0.013092371450846272
2019Q3,DA2,SM6,0.011086023951700498,0.009256168586061014
2019Q4,DA2,SM6,0.0077151254111135345,0.006441669418990938
2020Q1,DA2,SM6,0.005462054352824588,0.004560489507892293
2020Q3,DA2,SM6,0.00370330101630409,0.003092035402519922
2021Q2,DA2,SM6,0.004506278179809871,0.003762473426878196
2021Q4,DA2,SM6,0.0055542371924882615,0.004637456679205135
2022Q2,DA2,SM6,0.0029331150917045012,0.002448976106259648
2022Q3,DA2,SM6,0.005032366666244692,0.004201725925595685
2023Q2,DA2,SM6,0.004382324575479824,0.003658979562574139
2023Q3,DA2,SM6,0.006345717012892078,0.005298295108026972
2019Q2,DA3,SM6,0.0026612473820390213,0.0010850383073194737
2019Q3,DA3,SM6,0.007157866610532974,0.0029183906477572986
2020Q2,DA3,SM6,0.003255716159086477,0.001327413894029357
2020Q3,DA3,SM6,0.008245520170975788,0.003361846519668257
2021Q3,DA3,SM6,0.005364708037911036,0.002187287723795989
2021Q4,DA3,SM6,0.0035665340268138915,0.0014541399155783962
2022Q1,DA3,SM6,0.008723519321210103,0.0035567353497600327
2022Q2,DA3,SM6,0.005829332685544798,0.002376723529204346
2022Q3,DA3,SM6,0.013940132606367108,0.005683642185655247
2023Q1,DA3,SM6,0.006084980730044935,0.002480955823934282
2023Q2,DA3,SM6,0.003452293483767509,0.0014075619964075256
2023Q3,DA3,SM6,0.010491600701456005,0.004277613852439932
2019Q1,DA4,SM6,0.009869278698003294,0.002406374350920437
2020Q4,DA4,SM6,0.003706454161203674,0.0009037252365957924
2021Q3,DA4,SM6,0.005142443064387801,0.0012538548631436533
2022Q2,DA4,SM6,0.005801264709132239,0.001414491881942704
2022Q4,DA4,SM6,0.009247498298490248,0.0022547689042532984
2023Q3,DA4,SM6,0.009789838039991328,0.002387004752826209
2019Q2,DA5,SM6,0.00787366242215541,0.004592128411524213
2019Q4,DA5,SM6,0.00870618018951705,0.005077674817710313
2020Q1,DA5,SM6,0.0024782694324151032,0.0014453923551487448
2020Q3,DA5,SM6,0.01557854228805933,0.009085818367044623
2021Q2,DA5,SM6,0.012786861276869106,0.007457636080320438
2021Q3,DA5,SM6,0.014399012259922128,0.008397885221827047
2022Q3,DA5,SM6,0.011944506788110234,0.00696635263774866
2022Q4,DA5,SM6,0.014368333376356509,0.008379992484584578
2023Q1,DA5,SM6,0.008220187716525171,0.00479423113885343
2023Q2,DA5,SM6,0.00436906259286888,0.00254815299268933
2023Q3,DA5,SM6,0.002302474559920044,0.0013428641306323776
2019Q1,DA6,SM6,0.0029805034333234624,0.003979344762725005
2019Q2,DA6,SM6,0.003990639510424624,0.0053280027320835146
2019Q3,DA6,SM6,0.0024582686548027715,0.003282096033673254
2019Q4,DA6,SM6,0.0038465410016792407,0.005135613204971639
2020Q1,DA6,SM6,0.0019131874342400766,0.002554344447798629
2021Q1,DA6,SM6,0.0015011856749574395,0.0020042705828587385
2021Q2,DA6,SM6,0.002014528635253216,0.0026896476227559626
2021Q3,DA6,SM6,0.006692561002423974,0.00893540576952698
2022Q1,DA6,SM6,0.002812154511237404,0.003754577901555329
2022Q3,DA6,SM6,0.0022310805719269683,0.002978771535658073
2022Q4,DA6,SM6,0.004889819310345992,0.006528520197542476
2023Q1,DA6,SM6,0.00519575741970178,0.006936985827734829
2019Q1,DA7,SM6,0.00286593041986662,0.00707268661907533
2019Q2,DA7,SM6,0.002509052870675107,0.00619196633036271
2019Q3,DA7,SM6,0.002174823983747668,0.005367139544655137
2019Q4,DA7,SM6,0.005401337679050226,0.0133296916292559
2021Q4,DA7,SM6,0.005552720048675029,0.013703280622410555
2023Q1,DA7,SM6,0.0021451091229926704,0.005293807723131243
2023Q2,DA7,SM6,0.002171670663899926,0.005359357624013174
2023Q3,DA7,SM6,0.0019834842180960046,0.004894941688475324
2019Q1,DA8,SM6,0.0015085668459503825,0.001771153777642577
2019Q2,DA8,SM6,0.007218730150311817,0.008475250009523054
2019Q4,DA8,SM6,0.002430611262425877,0.00285369278198215
2022Q2,DA8,SM6,0.005811134376729172,0.006822642716404387
2022Q3,DA8,SM6,0.006361032416274795,0.007468258117985014
2023Q1,DA8,SM6,0.007273594163759356,0.00853966386359594
2023Q2,DA8,SM6,0.002022034019423697,0.0023739970168626364
2023Q3,DA8,SM6,0.005029394756548092,0.00590483049937643
2019Q1,DA9,SM6,0.004241444045751843,0.0017383788272016109
2019Q2,DA9,SM6,0.0019383360483559427,0.0007944375335656036
2021Q3,DA9,SM6,0.0024138423390687442,0.00098932636365738
2021Q4,DE1,SM6,0.0013219560058668068,0.002755992756404227
2022Q4,DE1,SM6,0.0013980817520774015,0.0029146984956279
2019Q2,DE22,SM6,0.0009676481484691216,0.0015375257513623448
2022Q3,DE23,SM6,0.0006351659333447233,0.0016167650162932769
2021Q3,DE55,SM6,0.0018022966130968093,0.0035558833146532493
2019Q1,DH1,SM6,0.0007291378731037411,0.002873800810502258
2019Q2,DH1,SM6,0.0003446013417623693,0.0013582007625544935
2019Q4,DH1,SM6,0.0006932091731324481,0.0027321925757547213
2021Q3,DH1,SM6,0.0005177883403805114,0.0020407944877695555
2021Q4,DH1,SM6,0.00039595070317340704,0.0015605875015859707
2022Q2,DH1,SM6,0.0004846411242016209,0.0019101491047293087
2022Q3,DH1,SM6,0.0006114508438355588,0.0024099528983689304
2022Q4,DH1,SM6,0.0005248357267768058,0.002068570832250721
2023Q2,DH1,SM6,0.0006066949389055441,0.002391208126019677
2021Q3,DL17,SM6,0.009641637164802465,0.0024403421505109013
2022Q1,DL17,SM6,0.007950838449667656,0.0020123933175434146
2022Q2,DL17,SM6,0.008594033182555413,0.0021751888252796526
2023Q3,DT1,SM6,0.0007202774627651576,0.001255672538038126
2019Q3,DT4,SM6,0.0008463641318462856,0.0016710680537656575
2022Q3,DT4,SM6,0.0006049321391050628,0.0011943828126901148
2023Q1,DT4,SM6,0.0011229234438364397,0.002217108952533436
2019Q4,DT6,SM6,0.0014315550987576173,0.0017367315593284946
2023Q3,DT6,SM6,0.001675727129502375,0.0020329557647871407
2019Q2,DY10,SM6,0.0004799342161939709,0.0013063970280620134
2020Q3,DY10,SM6,0.0004275773768344043,0.0011638799558672398
2021Q3,DY10,SM6,0.00047644932493329044,0.001296911037206482
2019Q1,E1,SM6,0.0077367871951205015,0.04277829701333652
2019Q2,E1,SM6,0.005985781106389119,0.033096622094947466
2019Q3,E1,SM6,0.005068851607432156,0.028026729197879116
2020Q1,E1,SM6,0.006650145351501962,0.036770029451996485
2020Q3,E1,SM6,0.003914037177907187,0.021641521305297742
2021Q3,E1,SM6,0.002965517760074053,0.016396961211338632
2021Q4,E1,SM6,0.001963156792702703,0.010854700051069107
2022Q1,E1,SM6,0.002023336872304853,0.011187448161438572
2022Q2,E1,SM6,0.002079253597001764,0.01149662330052034
2022Q3,E1,SM6,0.003076827279106025,0.017012414570139096
2022Q4,E1,SM6,0.0038256162244869572,0.021152623561024958
2023Q1,E1,SM6,0.0032113541043689397,0.017756241218361717
2023Q2,E1,SM6,0.0011191049797644585,0.006187762957169241
2023Q3,E1,SM6,0.0017128002648938276,0.00947042701424702
2019Q1,E10,SM6,0.006395775248107997,0.022207329418542917
2019Q2,E10,SM6,0.004003105712664857,0.013899532708673184
2019Q3,E10,SM6,0.002434680060453861,0.008453665120151187
2020Q1,E10,SM6,0.0011263172260370358,0.0039107843377991025
2020Q2,E10,SM6,0.0015236504158580575,0.005290399582704105
2020Q3,E10,SM6,0.003735893907553832,0.012971723279725627
2020Q4,E10,SM6,0.003009919971260704,0.010451005817474749
2021Q3,E10,SM6,0.004284239229919232,0.014875680929345637
2022Q1,E10,SM6,0.0014551379241349665,0.005052511380889952
2022Q2,E10,SM6,0.002033698760400211,0.007061382953325326
2022Q3,E10,SM6,0.004445672197522733,0.015436206424928748
2022Q4,E10,SM6,0.0017757953621159387,0.006165894056095114
2023Q1,E10,SM6,0.0015327788710589856,0.005322095288676478
2023Q3,E10,SM6,0.0013502752039952779,0.0046884083785908295
2019Q1,E11,SM6,0.002262940820381424,0.004159521786639641
2019Q2,E11,SM6,0.0031131351156009263,0.005722267777162797
2019Q3,E11,SM6,0.0019588276312546738,0.003600529954248742
2020Q3,E11,SM6,0.00518806408325934,0.00953620412449076
2021Q2,E11,SM6,0.007470782613328916,0.013732079409019859
2023Q1,E11,SM6,0.0015150034647839527,0.0027847347406730807
2023Q2,E11,SM6,0.0024936292622909024,0.004583551258115918
2023Q3,E11,SM6,0.0014390446985128875,0.0026451145878413737
2019Q1,E12,SM6,0.001746456197706508,0.001015796254308143
2019Q2,E12,SM6,0.007333494872123082,0.004265401349242692
2020Q2,E12,SM6,0.0026951267509985185,0.0015675741894616018
2020Q3,E12,SM6,0.00436990040947131,0.0025416775258777697
2021Q2,E12,SM6,0.008363028017357216,0.00486421162229064
2021Q3,E12,SM6,0.004088932200512989,0.002378257192396557
2022Q2,E12,SM6,0.0043700957297417,0.002541791130558675
2022Q3,E12,SM6,0.006390390946537234,0.0037168611474950133
2023Q2,E12,SM6,0.002045784512081638,0.0011898954277943846
2023Q3,E12,SM6,0.0026399487746128912,0.0015354808671060626
2019Q1,E13,SM6,0.0021221760168244775,0.0036312600204334257
2019Q2,E13,SM6,0.002832411842753017,0.004846546094409981
2019Q3,E13,SM6,0.002084863323749288,0.0035674141897650627
2020Q3,E13,SM6,0.0007918656411170548,0.0013549630291487134
2021Q1,E13,SM6,0.0012631873637874642,0.0021614426588902006
2022Q4,E13,SM6,0.0010816697430266668,0.0018508474612971273
2023Q2,E13,SM6,0.005060351418418734,0.008658778371524373
2023Q3,E13,SM6,0.0010910975053339213,0.0018669793259855753
2019Q2,E14,SM6,0.004877548363030197,0.03244839378570604
2019Q3,E14,SM6,0.004794854318037807,0.03189826311842569
2019Q4,E14,SM6,0.005721437463373284,0.03806245310430723
2020Q1,E14,SM6,0.007553650611410131,0.05025144013260042
2020Q2,E14,SM6,0.005435726762956628,0.036161733188092994
2022Q1,E14,SM6,0.0018960971794909586,0.012613982139557159
2022Q2,E14,SM6,0.0027705023889515274,0.018431053022934817
2022Q3,E14,SM6,0.0031792765143011034,0.021150465072087773
2022Q4,E14,SM6,0.003013316353999909,0.020046397980716786
2023Q1,E14,SM6,0.005010789516577562,0.03333479430846388
2023Q2,E14,SM6,0.0011984531594400386,0.007972833308222628
2023Q3,E14,SM6,0.0019315655391087575,0.012849939061795934
2019Q1,E15,SM6,0.003780896319684799,0.008024125821651037
2019Q2,E15,SM6,0.005097347548448082,0.010818005739136936
2019Q3,E15,SM6,0.004045251802677825,0.008585162538298219
2019Q4,E15,SM6,0.001643891238780159,0.0034887997505791053
2020Q1,E15,SM6,0.003907011844222931,0.008291778449862184
2020Q3,E15,SM6,0.008358177917941783,0.0177384052834597
2021Q2,E15,SM6,0.01031885679433513,0.021899517535632004
2021Q3,E15,SM6,0.006578402019127648,0.013961220050404365
2022Q1,E15,SM6,0.0049165516298880045,0.010434305929381778
2022Q3,E15,SM6,0.0050953134270845645,0.010813688761262562
2023Q2,E15,SM6,0.0023500257642236127,0.004987415898731638
2023Q3,E15,SM6,0.0024300256162704034,0.005157198094343506
2019Q1,E16,SM6,0.004186652152889635,0.006422356623237164
2019Q3,E16,SM6,0.0051927594862480045,0.007965733015666094
2019Q4,E16,SM6,0.003987585757683916,0.0061169872409657005
2020Q1,E16,SM6,0.0019682615768526817,0.003019328406741001
2020Q2,E16,SM6,0.004299700833053894,0.006595774168637977
2021Q2,E16,SM6,0.003978402635286033,0.006102900260533535
2022Q1,E16,SM6,0.0027880774231798084,0.004276932224354504
2022Q2,E16,SM6,0.00267380679527712,0.004101640201718766
2022Q4,E16,SM6,0.004034649259973064,0.006189183015680548
2023Q1,E16,SM6,0.002470852384540039,0.003790306573699813
2023Q2,E16,SM6,0.0012708626766844305,0.00194951312666274
2023Q3,E16,SM6,0.0021969139188160965,0.003370082859033837
2019Q1,E17,SM6,0.002878988424318202,0.012882770814577352
2019Q2,E17,SM6,0.00291225927378971,0.013031649748902785
2019Q3,E17,SM6,0.003629746856326365,0.016242231635946614
2019Q4,E17,SM6,0.0017396808005994751,0.00778464715430422
2022Q2,E17,SM6,0.0037525989285069282,0.01679196468684379
2022Q3,E17,SM6,0.008071932059800939,0.03611992666552013
2022Q4,E17,SM6,0.0032207477071573513,0.014412060226574118
2023Q1,E17,SM6,0.0033028775797558463,0.014779571369300375
2023Q2,E17,SM6,0.0019431521650324398,0.008695131869413834
2023Q3,E17,SM6,0.002438749458075788,0.010912808845351792
2019Q3,E18,SM6,0.001497349791182883,0.0021728031269806565
2019Q1,E1W,SM6,0.013500073636259768,0.014121175441117987
2019Q2,E1W,SM6,0.011564626115845878,0.012096683225058236
2019Q3,E1W,SM6,0.012319342583922314,0.012886122152664041
2019Q4,E1W,SM6,0.007660822873862939,0.008013276574624651
2020Q1,E1W,SM6,0.005799174438217783,0.006065978739239552
2020Q4,E1W,SM6,0.00610968449466195,0.006390774521945693
2021Q3,E1W,SM6,0.005292192646164133,0.005535672088777054
2022Q2,E1W,SM6,0.006796195186086783,0.0071088697099434325
2022Q4,E1W,SM6,0.006466787350761435,0.006764306712759894
2023Q1,E1W,SM6,0.009364175259397088,0.009794995587591351
2023Q2,E1W,SM6,0.0017638469995388355,0.0018449968202305426
2023Q3,E1W,SM6,0.0026095226044715123,0.002729579668093916
2019Q1,E2,SM6,0.005976751964792984,0.02257779428297269
2019Q2,E2,SM6,0.004661875554504863,0.017610713622122968
2019Q3,E2,SM6,0.003523574062005219,0.013310662845204388
2019Q4,E2,SM6,0.0032244507681649577,0.012180693886587159
2020Q1,E2,SM6,0.004094529201522061,0.015467504514517953
2020Q2,E2,SM6,0.004616209368238695,0.017438204914169395
2020Q3,E2,SM6,0.005869841663722042,0.02217392964235697
2021Q2,E2,SM6,0.0044485060506797335,0.016804688411105103
2021Q3,E2,SM6,0.004360556915523061,0.01647245152179971
2022Q1,E2,SM6,0.0023401777744406303,0.008840261849269412
2022Q2,E2,SM6,0.005800883767700757,0.02191343410904281
2022Q3,E2,SM6,0.004565069855729235,0.017245020154291187
2022Q4,E2,SM6,0.0011948541848101665,0.0045136843793596145
2023Q2,E2,SM6,0.0011634427053534575,0.004395024290154798
2023Q3,E2,SM6,0.0010881092864553675,0.004110444564488868
2019Q2,E20,SM6,0.005853385132011888,0.003270678763242345
2019Q3,E20,SM6,0.002788744604489096,0.0015582586056274276
2019Q4,E20,SM6,0.00420390567469989,0.0023490039870636328
2020Q4,E20,SM6,0.00416578446204785,0.002327703109394027
2021Q2,E20,SM6,0.004796868430431487,0.0026803320389217878
2021Q4,E20,SM6,0.0074532561845927015,0.004164633997280346
2022Q1,E20,SM6,0.0027457438766175955,0.0015342312156161127
2022Q2,E20,SM6,0.00645763176668849,0.0036083118748907045
2022Q3,E20,SM6,0.0057022218167756674,0.0031862136829898034
2019Q1,E3,SM6,0.002654878134308481,0.009171476296446664
2019Q3,E3,SM6,0.003336442043967169,0.011525990110534168
2019Q4,E3,SM6,0.002253628367417429,0.007785328782389648
2020Q1,E3,SM6,0.002013072530445906,0.006954310541572775
2020Q4,E3,SM6,0.005150788815996272,0.017793787565400673
2021Q3,E3,SM6,0.007777155410912503,0.02686676860350308
2021Q4,E3,SM6,0.004384084911543424,0.015145151232451259
2022Q2,E3,SM6,0.003763802724673039,0.013002339741229408
2022Q4,E3,SM6,0.0026464923874284074,0.009142507102816
2023Q1,E3,SM6,0.002683439001623555,0.009270141961812276
2023Q2,E3,SM6,0.0009748184108471453,0.0033675835560539372
2023Q3,E3,SM6,0.0012181366114968105,0.004208144590066793
2019Q1,E4,SM6,0.002751665155615514,0.008013787795688723
2019Q2,E4,SM6,0.0013564845969571127,0.003950545976115698
2019Q3,E4,SM6,0.0011085885923082337,0.0032285882289672056
2020Q1,E4,SM6,0.0012352866604592265,0.0035975762325452234
2020Q3,E4,SM6,0.002405761485871385,0.007006398287767517
2020Q4,E4,SM6,0.002270403635968693,0.006612190045028686
2021Q2,E4,SM6,0.002785329081974598,0.008111828635309359
2022Q1,E4,SM6,0.0016409116178693554,0.004778894506931314
2022Q3,E4,SM6,0.0012158801675697193,0.003541057903795204
2022Q4,E4,SM6,0.0010712579115137444,0.0031198685493415397
2023Q2,E4,SM6,0.0022726856054843428,0.006618835918861603
2023Q3,E4,SM6,0.002371083350838678,0.006905403726443361
2019Q1,E5,SM6,0.003934436159570797,0.00488539889527934
2019Q2,E5,SM6,0.008902675646430542,0.01105447388243978
2020Q1,E5,SM6,0.0011702622557947626,0.0014531174734502552
2020Q2,E5,SM6,0.0021097840371063427,0.002619723941659205
2020Q4,E5,SM6,0.005489921558827669,0.006816848877678254
2021Q2,E5,SM6,0.0034386460599576452,0.0042697751294575184
2021Q4,E5,SM6,0.004222907498208971,0.005243594454171425
2022Q4,E5,SM6,0.00518987660003798,0.006444282326651743
2023Q1,E5,SM6,0.0012209483076836135,0.0015160544666713825
2023Q2,E5,SM6,0.0019102420169446364,0.002371952132606355
2023Q3,E5,SM6,0.0016305080753378435,0.002024605820740655
2019Q1,E6,SM6,0.0024804900844325106,0.005144531172422647
2019Q3,E6,SM6,0.0012928707938226224,0.0026814112833903818
2020Q1,E6,SM6,0.0006993213330819567,0.0014503909611085456
2020Q3,E6,SM6,0.002187440101508686,0.0045367461295832395
2021Q3,E6,SM6,0.0029320883244727857,0.00608114496414031
2022Q2,E6,SM6,0.0018730275964651808,0.003884655261191052
2023Q1,E6,SM6,0.0014817100117908253,0.00307306342080886
2023Q2,E6,SM6,0.0010562945552715947,0.002190752666563577
2023Q3,E6,SM6,0.0010335900285572163,0.0021436635263286366
2019Q1,E7,SM6,0.001511656571237797,0.0014677156749464914
2019Q4,E7,SM6,0.001952358957209945,0.0018956077055735246
2020Q1,E7,SM6,0.004442827637793289,0.004313683338627131
2020Q2,E7,SM6,0.003345898162553972,0.0032486394551468605
2020Q4,E7,SM6,0.00649879524037117,0.006309887989141646
2021Q1,E7,SM6,0.004973624497998426,0.004829050973550678
2021Q2,E7,SM6,0.003085618736669186,0.002995925842474661
2021Q4,E7,SM6,0.0068527378177150565,0.006653542148877946
2022Q2,E7,SM6,0.005415613947888187,0.005258192655667662
2022Q3,E7,SM6,0.00392074771048472,0.003806779252430975
2019Q2,E8,SM6,0.0030041977545801463,0.010443962327258664
2019Q3,E8,SM6,0.0034672819346052218,0.01205385426035722
2019Q4,E8,SM6,0.0016953338308948484,0.005893754042988235
2022Q1,E8,SM6,0.0009544350889840082,0.0033180519151795483
2022Q3,E8,SM6,0.0010232719265553033,0.0035573601755050084
2023Q2,E8,SM6,0.0008819872993350354,0.0030661903376141336
2023Q3,E8,SM6,0.0007546889842346416,0.002623643303150412
2019Q2,E9,SM6,0.005869482488952723,0.013311230868608907
2019Q4,E9,SM6,0.0013260141840385035,0.0030072295082246656
2020Q1,E9,SM6,0.0012700852491105074,0.0028803898819947226
2022Q3,E9,SM6,0.0029074780802716485,0.006593786086722147
2022Q4,E9,SM6,0.004545021190702637,0.010307523105492286
2023Q1,E9,SM6,0.0016661963578817839,0.0037787188962475475
2023Q2,E9,SM6,0.000663282604013971,0.001504239579857308
2023Q3,E9,SM6,0.0013219816902976134,0.0029980843314118483
2019Q1,EC1A,SM6,0.04051037561669613,0.012061011355254204
2019Q2,EC1A,SM6,0.01048870599437434,0.003122765468704606
2019Q4,EC1A,SM6,0.005087335297948046,0.0015146344081600751
2020Q1,EC1A,SM6,0.026635009623301512,0.007929947541181155
2019Q1,EC1M,SM6,0.03062819041181108,0.009276219812240671
2019Q2,EC1M,SM6,0.012489876983072122,0.00378275186241966
2019Q1,EC1N,SM6,0.009978357954582628,0.001848120948955418
2019Q2,EC1N,SM6,0.005011873791916317,0.0009282638476711775
2019Q1,EC1R,SM6,0.012134325634209136,0.01209037816526803
2019Q2,EC1R,SM6,0.013244572247909972,0.013196603745576208
2019Q3,EC1R,SM6,0.006037860287736546,0.006015992679641543
2019Q4,EC1R,SM6,0.00966880853283128,0.00963379054538778
2020Q1,EC1R,SM6,0.007186473831913409,0.007160446235074103
2022Q1,EC1R,SM6,0.005535441627580168,0.00551539365323559
2022Q2,EC1R,SM6,0.00533990140242002,0.005320561625484266
2022Q4,EC1R,SM6,0.0036169240773427243,0.003603824489994975
2019Q1,EC1V,SM6,0.017481254345556484,0.03562353101230764
2019Q2,EC1V,SM6,0.0066736881951845965,0.013599729955766044
2019Q3,EC1V,SM6,0.0035330503409864078,0.0071996966523266296
2019Q4,EC1V,SM6,0.010926783951621584,0.022266744666656003
2020Q1,EC1V,SM6,0.005187716489638361,0.01057159718625494
2020Q2,EC1V,SM6,0.020037816958373773,0.040833328073909964
2021Q2,EC1V,SM6,0.0017009093874345686,0.003466135616738645
2021Q4,EC1V,SM6,0.003614303530287989,0.00736527547474503
2022Q1,EC1V,SM6,0.0031411953374867077,0.006401169350248462
2022Q2,EC1V,SM6,0.0037874578397018546,0.0077181316136345985
2022Q3,EC1V,SM6,0.0011192870725231494,0.0022808979808613475
2023Q1,EC1V,SM6,0.0009350945939966156,0.0019055481151526738
2019Q1,EC2A,SM6,0.01379573460564294,0.003916578176525234
2019Q2,EC2A,SM6,0.0060856414521215894,0.0017276999871965822
2019Q1,EC2M,SM6,0.006230419852591312,0.0009179258217088627
2019Q1,EC3N,SM6,0.010778221464953929,0.0015821155886173851
2019Q3,EC4A,SM6,0.05155801729550041,0.006491030652843971
2020Q1,EC4V,SM6,0.020362449658452412,0.0033293555809295523
2019Q1,EN1,SM6,0.0009680815815970508,0.002513901181396605
2019Q2,EN1,SM6,0.0013403348377061097,0.0034805634112135245
2019Q3,EN1,SM6,0.0011943471639916975,0.0031014645910350004
2020Q1,EN1,SM6,0.00046626809303212453,0.001210798689080824
2020Q3,EN1,SM6,0.002653983286150669,0.006891827967075266
2021Q3,EN1,SM6,0.0016999011218711527,0.004414280283568122
2021Q4,EN1,SM6,0.0023817821156828624,0.006184979642487079
2022Q2,EN1,SM6,0.0011176566059990804,0.002902315585409303
2022Q3,EN1,SM6,0.002536585047489409,0.006586969805867874
2022Q4,EN1,SM6,0.002240847356656499,0.005819002162953033
2023Q1,EN1,SM6,0.0005333777997980542,0.0013850682695884225
2023Q2,EN1,SM6,0.0006934305130986759,0.0018006909946777633
2023Q3,EN1,SM6,0.0011968189361118249,0.0031078832555061077
2020Q3,EN10,SM6,0.006595308426165607,0.003915555734397093
2019Q1,EN11,SM6,0.0009868620824310182,0.001994330173279589
2019Q2,EN11,SM6,0.0019800202943540484,0.004001384070820489
2019Q3,EN11,SM6,0.0011678195898844755,0.002360023641111375
2019Q4,EN11,SM6,0.0009835172636383867,0.001987570694765768
2020Q3,EN11,SM6,0.003240033208942989,0.006547719388615347
2020Q4,EN11,SM6,0.0005476227272003283,0.0011066799990317928
2021Q4,EN11,SM6,0.0005509675459929598,0.001113439477545614
2019Q1,EN2,SM6,0.0015999133219571375,0.0013356502333949378
2019Q3,EN2,SM6,0.0012376636610700149,0.0010332345728269931
2020Q4,EN2,SM6,0.0008073050763384128,0.0006739597694663152
2021Q2,EN2,SM6,0.004798379148212182,0.004005814653375768
2023Q3,EN2,SM6,0.001928822950193116,0.001610232747141265
2019Q1,EN3,SM6,0.001799771582804975,0.003131229017431996
2019Q3,EN3,SM6,0.0014589821808762976,0.0025383261877910857
2019Q4,EN3,SM6,0.0013690344128830516,0.0023818357398450512
2020Q2,EN3,SM6,0.0006913734791379256,0.0012028463614175047
2021Q3,EN3,SM6,0.004655931543537165,0.008100354562538
2021Q4,EN3,SM6,0.0056148629024226964,0.009768696103961949
2022Q1,EN3,SM6,0.006362719009011917,0.011069810514361898
2022Q3,EN3,SM6,0.004577770034798207,0.007964369759495238
2023Q3,EN3,SM6,0.002738134123601307,0.004763785084371007
2022Q4,EN4,SM6,0.0014611594389635073,0.0009216179738382607
2023Q2,EN4,SM6,0.0022173601051562078,0.0013985872266160653
2019Q3,EN5,SM6,0.0005701337734284119,0.0010357906781473462
2020Q1,EN5,SM6,0.0007191783414532674,0.00130656743508337
2020Q2,EN5,SM6,0.0007400014340281687,0.0013443977938245892
2020Q4,EN5,SM6,0.0017831570806783215,0.0032395510806744964
2021Q2,EN5,SM6,0.0014592735731957373,0.002651135635929316
2021Q3,EN5,SM6,0.0026585398823481144,0.004829903008657462
2021Q4,EN5,SM6,0.0021289892533074227,0.0038678417684171774
2022Q1,EN5,SM6,0.0015660153720706812,0.0028450588262334034
2022Q2,EN5,SM6,0.002315646704767122,0.004206951740917295
2022Q3,EN5,SM6,0.0014084664779491689,0.002558831832694359
2022Q4,EN5,SM6,0.002063080726058336,0.003748102434743768
2023Q3,EN5,SM6,0.0018110775336353587,0.0032902755706983827
2019Q2,EN6,SM6,0.0009413531979494877,0.001587682217981709
2020Q1,EN6,SM6,0.001475632012026647,0.0024887945469166963
2021Q3,EN6,SM6,0.0007769674887014662,0.001310429994234125
2023Q3,EN6,SM6,0.0007053329048927095,0.0011896114160921231
2019Q1,EN7,SM6,0.001817371669747191,0.0012585694574011926
2023Q3,EN7,SM6,0.001849114362178123,0.0012805519631562251
2019Q2,EN8,SM6,0.001459277342578968,0.0030354034690889976
2019Q4,EN8,SM6,0.0023415669428893068,0.004870630286761748
2020Q1,EN8,SM6,0.001668018612960974,0.0034696005595062345
2020Q3,EN8,SM6,0.0017943447663868188,0.003732368186438487
2020Q4,EN8,SM6,0.004825107442125558,0.010036575941534905
2021Q2,EN8,SM6,0.004659457972458205,0.00969201294435137
2021Q3,EN8,SM6,0.0010481575328457002,0.002180244233579905
2021Q4,EN8,SM6,0.005648057065913121,0.011748371273404848
2022Q2,EN8,SM6,0.004428187718812835,0.009210953923060998
2022Q3,EN8,SM6,0.0008809515152437873,0.0018324435029905886
2022Q4,EN8,SM6,0.002926091654104225,0.006086484384142825
2023Q1,EN8,SM6,0.004502219323209175,0.009364945068027134
2023Q2,EN8,SM6,0.003060145931485866,0.006365327073423072
2019Q2,EN9,SM6,0.003306140212555525,0.004529418627664895
2020Q1,EN9,SM6,0.0011511371565261048,0.0015770601803171325
2020Q2,EN9,SM6,0.0010808599097204665,0.001480780213250516
2020Q3,EN9,SM6,0.003415308348743871,0.004678979190075751
2021Q1,EN9,SM6,0.0020424350766327782,0.0027981400930198195
2021Q2,EN9,SM6,0.0013547960570035658,0.0018560732766187368
2021Q4,EN9,SM6,0.001059217005394482,0.0014511293915344251
2022Q1,EN9,SM6,0.0007084941554069327,0.0009706383936485797
2022Q2,EN9,SM6,0.0023628910297659816,0.0032371653823755
2022Q3,EN9,SM6,0.003582356742478335,0.0049078358197579925
2023Q2,EN9,SM6,0.0008207304427832532,0.0011244023292529043
2023Q3,EN9,SM6,0.0009208185099152953,0.001261523179104711
2019Q1,EX1,SM6,0.0005729615529683218,0.0015975658252204061
2019Q2,EX1,SM6,0.0006268657758715816,0.0017478648180571414
2019Q3,EX1,SM6,0.0004896809546204286,0.0013653578574514811
2019Q4,EX1,SM6,0.0010651890033797208,0.002970023975228422
2022Q4,EX1,SM6,0.0015438079802841745,0.004304538161814314
2023Q2,EX1,SM6,0.0008012090637045736,0.0022339792476477635
2023Q3,EX1,SM6,0.0008813116353053361,0.0024573260503061327
2019Q2,EX2,SM6,0.0007346689089898523,0.0026918629140336016
2022Q3,EX23,SM6,0.005407672363410528,0.004432286625491493
2019Q2,EX39,SM6,0.0022884524194965125,0.004081134556815492
2021Q3,EX39,SM6,0.0014836973973525573,0.002645966622948159
2019Q1,EX4,SM6,0.00041086967512539896,0.0007893821252653504
2019Q2,EX4,SM6,0.0010520829955628784,0.002021311284994423
2019Q4,EX4,SM6,0.00044226807729731915,0.0008497062108256731
2021Q2,EX4,SM6,0.0011598782632830484,0.00222841261828344
2021Q4,EX4,SM6,0.0016740197075106292,0.0032162053187486084
2022Q2,EX4,SM6,0.002910797447299482,0.005592360824548432
2022Q3,EX4,SM6,0.002117647790928389,0.004068524437235086
2023Q1,EX4,SM6,0.0018507909378175128,0.003555826512312797
2023Q2,EX8,SM6,0.0016100362706823286,0.0029934265394947622
2023Q3,EX8,SM6,0.0008109604123226576,0.0015077613249653494
2021Q4,GL1,SM6,0.0006233703665567423,0.0020405104760672942
2022Q2,GL4,SM6,0.0020879050280962507,0.0036692607861960025
2022Q4,GL5,SM6,0.0007728493196394166,0.0011491113473496464
2019Q2,GL50,SM6,0.000942215502272626,0.002584052071855172
2020Q3,GL50,SM6,0.00153463153171745,0.004208769415811768
2023Q2,GL50,SM6,0.0005129453338891202,0.0014067667636411935
2019Q4,GL51,SM6,0.0008202346181579298,0.0017547947035923199
2022Q4,GL51,SM6,0.0013191511594393092,0.002822167483031134
2023Q1,GL51,SM6,0.0009358103567667236,0.0020020552915810995
2023Q2,GL51,SM6,0.0004735339531559472,0.0010130697419664335
2019Q1,GL52,SM6,0.0008606959403337178,0.0014330094449301475
2019Q2,GL52,SM6,0.0020132260757528414,0.003351906110089108
2019Q4,GL54,SM6,0.003174397495958263,0.0026155205684657355
2020Q1,GL54,SM6,0.013870254306602676,0.011428290084956244
2023Q2,GL54,SM6,0.002407098618096658,0.001983310519231847
2023Q3,GL54,SM6,0.0015210166345247613,0.0012532300373986778
2019Q3,GL7,SM6,0.0005272240393624552,0.0014645915462216158
2022Q3,GL7,SM6,0.0020117694824974604,0.005588555067738129
2023Q3,GL7,SM6,0.0007790172762810588,0.0021640555665510056
2019Q1,GU1,SM6,0.005864644685565993,0.01819486889133423
2019Q2,GU1,SM6,0.007989687891618672,0.024787746140609142
2019Q3,GU1,SM6,0.00479272153269079,0.014869262264874525
2019Q4,GU1,SM6,0.006047567537639988,0.01876238107479297
2020Q3,GU1,SM6,0.0063863895074609605,0.019813565187202883
2020Q4,GU1,SM6,0.0034971385298570327,0.01084975824744976
2021Q2,GU1,SM6,0.004422207093953785,0.013719753301141715
2021Q3,GU1,SM6,0.012123348879208115,0.037612294556222906
2022Q2,GU1,SM6,0.0049844508998130865,0.015464096374090816
2022Q4,GU1,SM6,0.0048999376493703345,0.015201896770563087
2023Q2,GU1,SM6,0.002962632500085419,0.009191470720285866
2023Q3,GU1,SM6,0.003760345308099025,0.011666348693791757
2019Q2,GU10,SM6,0.009791939709554451,0.003380080070953439
2019Q3,GU10,SM6,0.011006346913139163,0.0037992813434912743
2019Q1,GU11,SM6,0.002018185477817796,0.005639961185847443
2019Q2,GU11,SM6,0.0016124995248939118,0.004506243272760365
2019Q4,GU11,SM6,0.004624238540708221,0.01292275966225576
2020Q1,GU11,SM6,0.0016503871252872245,0.004612122835363415
2020Q3,GU11,SM6,0.003632595643504075,0.010151543878610322
2021Q2,GU11,SM6,0.0037481081075787493,0.010474351579400637
2021Q4,GU11,SM6,0.0026444081604988907,0.0073899844928417705
2022Q2,GU11,SM6,0.00269323113053362,0.00752642371460815
2023Q2,GU11,SM6,0.0032066040506698265,0.008961080427411415
2023Q3,GU11,SM6,0.002030320079445912,0.005673872183097455
2019Q1,GU12,SM6,0.014001861336364524,0.006015708667939283
2019Q2,GU12,SM6,0.002790826685450482,0.0011990406046072015
2020Q3,GU12,SM6,0.005961625699954196,0.00256133113567426
2021Q3,GU12,SM6,0.003946212274732388,0.0016954362578196864
2021Q4,GU12,SM6,0.01288124704928895,0.005534252030265747
2022Q1,GU12,SM6,0.006934428900084218,0.0029792827567221443
2022Q2,GU12,SM6,0.004859124220491807,0.002087656418642687
2023Q1,GU12,SM6,0.0022492934008986236,0.0009663782181146584
2019Q2,GU14,SM6,0.00181573412586132,0.006875355288344104
2019Q3,GU14,SM6,0.0020086333750719172,0.007605776584219987
2019Q4,GU14,SM6,0.0015755963872064287,0.005966063422383989
2020Q1,GU14,SM6,0.002154519151459899,0.00815817934511842
2020Q2,GU14,SM6,0.0011956933242732006,0.0045275441504299685
2021Q2,GU14,SM6,0.0018294901419999086,0.006927443034538847
2022Q1,GU14,SM6,0.0017753811450403765,0.006722556992527468
2022Q2,GU14,SM6,0.001976305987090827,0.0074833675405453215
2022Q3,GU14,SM6,0.003271771681416107,0.012388704057323414
2022Q4,GU14,SM6,0.001934392891026249,0.0073246618013216485
2023Q2,GU14,SM6,0.0012499373312057395,0.004732941413505418
2023Q3,GU14,SM6,0.0017953026166129462,0.006797990500648098
2019Q1,GU15,SM6,0.0019056872253091234,0.004044440244883318
2019Q2,GU15,SM6,0.0011644706581100154,0.0024713562283978463
2019Q3,GU15,SM6,0.005639578395720776,0.011968877959040605
2019Q4,GU15,SM6,0.0035865792622054023,0.00761179763230793
2020Q1,GU15,SM6,0.0019022881314969516,0.00403722634764588
2020Q3,GU15,SM6,0.004368344074486718,0.009270937194578608
2021Q3,GU15,SM6,0.004642466269953361,0.009852706765490871
2021Q4,GU15,SM6,0.002086401252236558,0.004427969647617121
2022Q1,GU15,SM6,0.002577663983909109,0.005470576606618741
2022Q3,GU15,SM6,0.003006886562379972,0.006381515740451972
2023Q2,GU15,SM6,0.0011578330575949087,0.0024572692479656803
2023Q3,GU15,SM6,0.0012212649657433118,0.002591890794837587
2019Q2,GU16,SM6,0.006326839580688496,0.0035746848893429546
2019Q3,GU16,SM6,0.0031293385817722425,0.001768086451258154
2020Q3,GU16,SM6,0.005016170801475441,0.002834152776866565
2021Q3,GU16,SM6,0.004919557109918814,0.0027795657276919235
2023Q3,GU16,SM6,0.001688980247816162,0.0009542793195983225
2019Q4,GU17,SM6,0.0012890458872002407,0.0011138370939287802
2020Q1,GU17,SM6,0.004856092035971696,0.004196045691550457
2019Q1,GU2,SM6,0.0048457116925743685,0.00635260334916176
2019Q3,GU2,SM6,0.0018759005313984398,0.0024592573298815104
2019Q4,GU2,SM6,0.011952166242910059,0.015668982416102196
2020Q1,GU2,SM6,0.0051708908931320605,0.006778904914256131
2020Q3,GU2,SM6,0.004046433782822504,0.005304770574838532
2020Q4,GU2,SM6,0.003239010144928753,0.004246258960510274
2021Q1,GU2,SM6,0.0015460418699932818,0.002026821112018294
2021Q2,GU2,SM6,0.00537007127753762,0.007040025273315269
2021Q4,GU2,SM6,0.0008468524283677677,0.001110201744139834
2022Q1,GU2,SM6,0.001691755081382425,0.0022178473829593155
2022Q2,GU2,SM6,0.0012404904079902374,0.001626251007148808
2023Q1,GU2,SM6,0.010234370828478313,0.01341699682653106
2023Q2,GU2,SM6,0.0019190988875551378,0.002515889263312435
2019Q1,GU21,SM6,0.0058508040811297065,0.022116672883181074
2019Q3,GU21,SM6,0.004058891835274599,0.015343050586587003
2019Q4,GU21,SM6,0.002896580937766925,0.010949389552603064
2020Q1,GU21,SM6,0.0035841099979423115,0.013548323837656731
2020Q2,GU21,SM6,0.002706538973697377,0.010231010352903065
2020Q3,GU21,SM6,0.005462425445616024,0.020648559591851412
2020Q4,GU21,SM6,0.0041169998668280855,0.015562705237115976
2021Q1,GU21,SM6,0.0034354363842391323,0.012986321481221865
2021Q2,GU21,SM6,0.006505995803859244,0.02459336853158144
2021Q3,GU21,SM6,0.0046382140334855024,0.0175329512180438
2021Q4,GU21,SM6,0.0034806816087044924,0.013157353328323679
2022Q2,GU21,SM6,0.003189044505940059,0.01205493350482581
2022Q3,GU21,SM6,0.003662624211768783,0.0138451160665199
2022Q4,GU21,SM6,0.006156821682005515,0.023273452546491786
2023Q2,GU21,SM6,0.003177458963574469,0.012011138900337105
2019Q1,GU22,SM6,0.004455236406419472,0.005318005520163914
2019Q2,GU22,SM6,0.006034933999398771,0.007203616013817838
2019Q3,GU22,SM6,0.011199168912800973,0.013367919604380286
2019Q4,GU22,SM6,0.007981336907822656,0.00952694534299704
2020Q1,GU22,SM6,0.007708377955137715,0.009201127118162756
2020Q3,GU22,SM6,0.009946346327839951,0.01187248438729308
2021Q2,GU22,SM6,0.0063929308963738074,0.007630940021040347
2021Q3,GU22,SM6,0.013135483380156304,0.015679206837383605
2021Q4,GU22,SM6,0.013181833104688229,0.015734532316984125
2022Q1,GU22,SM6,0.005170326047632267,0.0061715742901403406
2023Q1,GU22,SM6,0.01515388539865904,0.01808847810766711
2023Q2,GU22,SM6,0.0043839986881193775,0.00523297241650685
2023Q3,GU22,SM6,0.006647283337465335,0.007934548530757791
2019Q2,GU23,SM6,0.02510506445654609,0.004624619350262918
2020Q3,GU23,SM6,0.03715898597898446,0.006845079640883039
2021Q2,GU23,SM6,0.019752939520756192,0.003638701127032675
2021Q4,GU23,SM6,0.015152585086404081,0.002791267009825093
2022Q1,GU23,SM6,0.020546954714030317,0.003784967153697299
2022Q3,GU23,SM6,0.01349579144234122,0.002486068034574987
2022Q4,GU23,SM6,0.014294740322253162,0.0026332428986868468
2023Q3,GU23,SM6,0.010408537028725474,0.0019173630019667489
2019Q2,GU24,SM6,0.006732406225135191,0.003380761699038866
2022Q1,GU24,SM6,0.003063053667301251,0.00153815057710732
2022Q2,GU24,SM6,0.0026114967324119788,0.0013113956340218135
2019Q1,GU26,SM6,0.003898584683176415,0.0015564409307329545
2019Q2,GU26,SM6,0.0072636234168651625,0.0028998730847698546
2021Q2,GU26,SM6,0.003599229835783868,0.0014369288064213553
2019Q2,GU27,SM6,0.006239484748859422,0.0028003553842974585
2019Q2,GU3,SM6,0.008643160701812416,0.0031081672672083702
2019Q3,GU3,SM6,0.007112573022933739,0.0025577525882257658
2019Q4,GU3,SM6,0.003963574471218022,0.0014253411289690894
2020Q3,GU3,SM6,0.006862845559537744,0.002467948087970709
2021Q3,GU3,SM6,0.007837588239244691,0.002818475330901736
2023Q3,GU3,SM6,0.003412468133590808,0.0012271577631310807
2020Q1,GU34,SM6,0.0010674212246283524,0.0020716381586351443
2022Q4,GU34,SM6,0.0037475203823610025,0.007273142078531429
2023Q2,GU34,SM6,0.001445471729372517,0.002805353990257259
2023Q3,GU34,SM6,0.0016470967140580126,0.0031966653136330236
2021Q2,GU35,SM6,0.0009211584246563666,0.0007804073554738898
2019Q2,GU4,SM6,0.014055152027511385,0.011101960639057891
2019Q4,GU4,SM6,0.012386647009105972,0.009784032735884064
2020Q3,GU4,SM6,0.012882768728008608,0.01017591208266435
2021Q4,GU4,SM6,0.02297211113759819,0.01814533725045984
2022Q1,GU4,SM6,0.027542414039922882,0.021755353195564115
2022Q2,GU4,SM6,0.017941139191746863,0.014171445512418257
2022Q3,GU4,SM6,0.010225759702060707,0.008077179207633468
2022Q4,GU4,SM6,0.006903779298421457,0.005453195090440343
2023Q2,GU4,SM6,0.007721060547200764,0.006098753689680518
2023Q3,GU4,SM6,0.01138145938962184,0.008990049621042077
2021Q3,GU46,SM6,0.008042097231773088,0.0036372242661809173
2019Q2,GU47,SM6,0.0035073511400064,0.003775083546458602
2019Q3,GU47,SM6,0.0033020080270698233,0.0035540656397587776
2020Q4,GU47,SM6,0.001515876529424373,0.0016315904271513224
2023Q2,GU47,SM6,0.0004844113167938421,0.0005213886830114882
2023Q3,GU47,SM6,0.0005861065567395588,0.0006308467930630339
2020Q4,GU5,SM6,0.012548119702320691,0.0015418995315771705
2019Q1,GU51,SM6,0.0019426010209760327,0.003719587659836724
2019Q2,GU51,SM6,0.0016660867483172116,0.0031901330444810113
2019Q3,GU51,SM6,0.0014617195318869336,0.0027988217211052466
2019Q4,GU51,SM6,0.002445820805024052,0.004683125760928768
2020Q1,GU51,SM6,0.00229010538637947,0.004384970275894744
2020Q2,GU51,SM6,0.004551168022739307,0.008714331060486705
2020Q3,GU51,SM6,0.0043002552753786906,0.008233896864941312
2022Q3,GU51,SM6,0.007103874454240104,0.013602115654065041
2023Q3,GU51,SM6,0.0006360035931265392,0.0012177853769564544
2019Q1,GU6,SM6,0.0044067188312553246,0.004163270741109491
2019Q2,GU6,SM6,0.012667317521225343,0.011967514702869749
2019Q3,GU6,SM6,0.005908613070957864,0.005582193205607473
2020Q1,GU6,SM6,0.014924427675455654,0.014099931365788838
2020Q3,GU6,SM6,0.012956453205722123,0.012240677158104769
2020Q4,GU6,SM6,0.010540676162037252,0.009958359118732114
2021Q1,GU6,SM6,0.001782913201927107,0.001684416603771944
2021Q2,GU6,SM6,0.008658017461964969,0.008179707432149836
2021Q4,GU6,SM6,0.0067342340357134794,0.006362202944698197
2022Q3,GU6,SM6,0.007647214981665566,0.007224746484466088
2022Q4,GU6,SM6,0.0052539242648681535,0.004963672520422584
2023Q1,GU6,SM6,0.004228752179953501,0.003995135813370739
2023Q2,GU6,SM6,0.004656413257896022,0.0043991708610078145
2023Q3,GU6,SM6,0.0037717506540936533,0.0035633812235929506
2019Q1,GU7,SM6,0.004755398339503024,0.0122290894806525
2019Q2,GU7,SM6,0.00627395748634003,0.016134250386746832
2019Q3,GU7,SM6,0.004676632057064904,0.01202653233459967
2019Q4,GU7,SM6,0.00494197679933331,0.01270889885045292
2020Q1,GU7,SM6,0.0034936800037121364,0.008984426189337301
2020Q2,GU7,SM6,0.0030611501824268673,0.007872122758600733
2020Q3,GU7,SM6,0.0033258322807039266,0.008552785204240418
2020Q4,GU7,SM6,0.0029746309652899858,0.007649627991049148
2021Q1,GU7,SM6,0.0007970281927922407,0.002049655652880111
2021Q2,GU7,SM6,0.0018842061012623128,0.004845466849941387
2021Q3,GU7,SM6,0.003878543633886507,0.009974150169377848
2021Q4,GU7,SM6,0.0039663439627399925,0.010199939472675666
2022Q4,GU7,SM6,0.002548595055119918,0.00655402444840555
2023Q1,GU7,SM6,0.002977900008980632,0.007658034737436085
2023Q2,GU7,SM6,0.0033834823079511205,0.008701039312820872
2019Q1,GU8,SM6,0.006326925804258125,0.002591777190156682
2019Q2,GU8,SM6,0.01122617500466244,0.004598717483016678
2019Q3,GU8,SM6,0.011817296349090256,0.004840865860364752
2019Q4,GU8,SM6,0.006085651786124323,0.002492941117769713
2023Q3,GU8,SM6,0.00768582544662092,0.003148440126589037
2019Q1,GU9,SM6,0.002750198899965492,0.006541300724144238
2019Q2,GU9,SM6,0.003985745320901891,0.009480026609783455
2019Q3,GU9,SM6,0.006575411071000086,0.01563950200140746
2019Q4,GU9,SM6,0.0022267347357373935,0.00529625022377069
2020Q1,GU9,SM6,0.0032561099750605263,0.007744601504285363
2020Q4,GU9,SM6,0.0008413780724449175,0.0020012032564743158
2021Q1,GU9,SM6,0.001237886832820807,0.002944292515003539
2021Q4,GU9,SM6,0.0025099245737508426,0.0059698123768538395
2022Q1,GU9,SM6,0.002628879590039002,0.006252744834646652
2023Q2,GU9,SM6,0.0008245891994373738,0.001961271211136362
2023Q3,GU9,SM6,0.0010985845621906461,0.002612964463145383
2019Q1,HA0,SM6,0.0024357593292297962,0.003397802401174551
2019Q2,HA0,SM6,0.002368572146555197,0.003304078539428286
2019Q3,HA0,SM6,0.0031465182829177514,0.004389287253769117
2019Q4,HA0,SM6,0.005000273732166915,0.006975213802859215
2020Q3,HA0,SM6,0.010522693672477093,0.01467880401733803
2020Q4,HA0,SM6,0.0032382186073924165,0.004517206124467654
2021Q1,HA0,SM6,0.005695070640031572,0.007944432137996487
2022Q1,HA0,SM6,0.00532081767278173,0.007422361826899572
2022Q2,HA0,SM6,0.0068712942513882175,0.00958522454430108
2022Q3,HA0,SM6,0.009637655238881694,0.0134442051476077
2023Q1,HA0,SM6,0.003578104312716585,0.004991335260222845
2023Q2,HA0,SM6,0.0024761530778438586,0.0034541503229032137
2023Q3,HA0,SM6,0.002645342619669894,0.0036901640474824413
2019Q1,HA1,SM6,0.0014921619928690074,0.004115613577470027
2019Q2,HA1,SM6,0.001987393784222551,0.005481539458326031
2019Q3,HA1,SM6,0.005246446097679461,0.014470509834899515
2020Q1,HA1,SM6,0.0015372841642357314,0.0042400675054009756
2020Q2,HA1,SM6,0.0017996147068506704,0.004963615718082132
2020Q3,HA1,SM6,0.003395304383635936,0.009364774661005777
2020Q4,HA1,SM6,0.002635641428271102,0.007269506728742482
2021Q3,HA1,SM6,0.003287307730670577,0.009066903187674016
2021Q4,HA1,SM6,0.0026802281471250307,0.007392483795821672
2022Q1,HA1,SM6,0.0016723417634246756,0.004612577254087035
2022Q2,HA1,SM6,0.001741270977283382,0.004802694687580818
2022Q3,HA1,SM6,0.0016020327296291505,0.004418654063782947
2022Q4,HA1,SM6,0.0025125285389829798,0.006929942337518747
2023Q2,HA1,SM6,0.0019828218435363745,0.005468929338745624
2019Q1,HA2,SM6,0.00172138134748774,0.003940662368877001
2019Q2,HA2,SM6,0.003045908305473225,0.0069728281045602185
2019Q3,HA2,SM6,0.0018838797466905824,0.004312660896498991
2019Q4,HA2,SM6,0.00247933501987272,0.0056758034626728324
2020Q1,HA2,SM6,0.0010745389640980766,0.0024598821556264853
2020Q2,HA2,SM6,0.0021297984571042906,0.004875628892721549
2020Q3,HA2,SM6,0.002933606006680728,0.006715740711673196
2021Q2,HA2,SM6,0.00119840398300487,0.0027434394391642725
2021Q4,HA2,SM6,0.0008909249536993842,0.002039544836279605
2022Q4,HA2,SM6,0.0023177795034259787,0.00530596342398803
2023Q2,HA2,SM6,0.0010459547289657397,0.0023944458594254573
2023Q3,HA2,SM6,0.001703640264050569,0.003900048695453621
2019Q1,HA3,SM6,0.0020344208066611093,0.0031511666389307464
2019Q2,HA3,SM6,0.0019619934309823357,0.0030389820165374914
2019Q3,HA3,SM6,0.002274733005558836,0.0035233923759145445
2019Q4,HA3,SM6,0.0013873051250268547,0.002148832539309794
2020Q2,HA3,SM6,0.0007238703638092805,0.0011212213981875766
2020Q3,HA3,SM6,0.002625904929356276,0.004067331588085589
2021Q1,HA3,SM6,0.0019512851810085626,0.003022395733125425
2021Q2,HA3,SM6,0.004008699387442123,0.006209177439519751
2021Q3,HA3,SM6,0.0035961750588291946,0.0055702079117720404
2021Q4,HA3,SM6,0.0033732454300943746,0.005224906484162625
2022Q1,HA3,SM6,0.0016394257365668922,0.0025393486299192265
2022Q2,HA3,SM6,0.0033655442914146067,0.005212977992667646
2022Q4,HA3,SM6,0.007349196642103006,0.01138335943365849
2023Q1,HA3,SM6,0.008551454406281711,0.013245567363046074
2023Q2,HA3,SM6,0.002938057750509556,0.0045508331100154046
2019Q1,HA4,SM6,0.0029094846949995487,0.0073361358740930095
2019Q4,HA4,SM6,0.004450350060253468,0.011221359158688585
2020Q1,HA4,SM6,0.001745821477084211,0.004402010978030429
2020Q3,HA4,SM6,0.0016338593012437462,0.00411970334598259
2021Q1,HA4,SM6,0.0015849293523653774,0.003996328662520237
2021Q2,HA4,SM6,0.000699324310787839,0.0017633150546601626
2021Q4,HA4,SM6,0.0006716604170389273,0.0016935617805847608
2023Q2,HA4,SM6,0.00035079979923294236,0.0008845260455229213
2023Q3,HA4,SM6,0.0019760310293807327,0.004982474095112289
2019Q1,HA5,SM6,0.002380283418924145,0.004010131631250141
2019Q2,HA5,SM6,0.0024097512184105287,0.004059776876805435
2019Q3,HA5,SM6,0.002054957563953762,0.003462045848226081
2020Q3,HA5,SM6,0.0028893615704629373,0.0048677901697391345
2020Q4,HA5,SM6,0.0018097072510659435,0.003048865623776188
2021Q1,HA5,SM6,0.0006165985320446013,0.0010388012021913169
2021Q3,HA5,SM6,0.0029002518441861662,0.00488613732570522
2021Q4,HA5,SM6,0.0009344394310813717,0.0015742768656349705
2022Q4,HA5,SM6,0.0018703286509246593,0.003150996231909389
2020Q4,HA7,SM6,0.0024587790621588084,0.001634373741833484
2021Q3,HA7,SM6,0.003192148606921151,0.0021218514275949604
2022Q2,HA7,SM6,0.0018274420548523309,0.0012147180505720314
2023Q1,HA7,SM6,0.002501506255398283,0.0016627749120596248
2019Q2,HA8,SM6,0.001489704504092456,0.0035483854057135485
2020Q1,HA8,SM6,0.0010990174610703695,0.002617792662083827
2020Q2,HA8,SM6,0.002870046206543009,0.006836275278112935
2020Q3,HA8,SM6,0.0015506099980727042,0.0036934585832286734
2020Q4,HA8,SM6,0.0031683495832849533,0.0075468157548305185
2021Q1,HA8,SM6,0.0017002505519983337,0.0040498932695667384
2021Q2,HA8,SM6,0.002321157500613732,0.005528855807922782
2021Q3,HA8,SM6,0.0037384383613162046,0.008904732505682751
2022Q1,HA8,SM6,0.0009521670178713213,0.00226800384957868
2022Q2,HA8,SM6,0.0015501330560681605,0.003692322536419629
2022Q4,HA8,SM6,0.004092687035191142,0.009748531273101388
2023Q2,HA8,SM6,0.0011773790324169225,0.0028044451528100225
2023Q3,HA8,SM6,0.0012928466917169858,0.003079482085279968
2019Q1,HA9,SM6,0.0015038896235109458,0.00277473752875348
2019Q2,HA9,SM6,0.0015643850913853955,0.002886354127742212
2019Q3,HA9,SM6,0.004848811806254518,0.008946255016553368
2019Q4,HA9,SM6,0.0020259362640946857,0.0037379348158028095
2020Q1,HA9,SM6,0.0031316949000471644,0.0057781044778273906
2021Q4,HA9,SM6,0.002040036480016568,0.0037639502877299547
2022Q1,HA9,SM6,0.0032903069359195136,0.006070750135837542
2022Q2,HA9,SM6,0.0042641146429611065,0.007867464966683646
2022Q4,HA9,SM6,0.0030464163015676603,0.005620761994774572
2023Q1,HA9,SM6,0.0047348094054712655,0.008735915949858572
2023Q2,HA9,SM6,0.0009056464012532805,0.0016709544490847534
2023Q3,HA9,SM6,0.0024912741760144373,0.004596502191739039
2022Q2,HD1,SM6,0.000586825641995488,0.001899413462383828
2019Q1,HD5,SM6,0.00044345668838339033,0.000995177004723965
2020Q3,HD8,SM6,0.005820628270112809,0.003885223284595575
2020Q3,HP10,SM6,0.002266468992517762,0.0025645688690800394
2022Q3,HP10,SM6,0.0006670544192025519,0.0007547894999299112
2019Q2,HP11,SM6,0.0007895362112296657,0.0017702449401953402
2019Q3,HP11,SM6,0.0005672044355277071,0.0012717476003861214
2019Q4,HP11,SM6,0.0010805739777820934,0.0024227902273111462
2020Q1,HP11,SM6,0.001022812304058248,0.002293280891079945
2020Q4,HP11,SM6,0.0014130582786381221,0.003168264143406883
2021Q4,HP11,SM6,0.0028694124785017053,0.0064336034866467155
2022Q2,HP11,SM6,0.0007209568907163111,0.0016164810045910154
2023Q2,HP11,SM6,0.0005261379122354469,0.001179671006512974
2019Q2,HP13,SM6,0.0007474849775479891,0.0016307383920445382
2020Q1,HP13,SM6,0.0006126413849909153,0.0013365590708421743
2020Q3,HP13,SM6,0.0013046163143960812,0.002846194873042449
2021Q2,HP13,SM6,0.0007743547569492058,0.0016893584073912925
2022Q2,HP13,SM6,0.0011439964799715614,0.002495781234792327
2019Q1,HP2,SM6,0.0005923126476464706,0.001387397165546966
2020Q3,HP2,SM6,0.0010093686523229906,0.002364283816645296
2022Q2,HP21,SM6,0.0006191972633241745,0.0017866040142455973
2019Q1,HP3,SM6,0.0028528714368226426,0.005854730835097518
2019Q2,HP3,SM6,0.0035826963557738564,0.0073524949481432655
2019Q3,HP3,SM6,0.00245441271666102,0.005037004341946479
2019Q4,HP3,SM6,0.0015572716707733655,0.003195870080866692
2020Q1,HP3,SM6,0.0016887165486594135,0.003465624395674575
2021Q2,HP3,SM6,0.0010526661604047533,0.0021603066120811547
2021Q3,HP3,SM6,0.0021216349177930575,0.004354069802688703
2022Q2,HP3,SM6,0.0011641272097303195,0.0023890496370824912
2022Q3,HP3,SM6,0.0017505224893457779,0.0035924640219045186
2022Q4,HP3,SM6,0.0005019760592422331,0.00103016724644257
2023Q2,HP3,SM6,0.0005530150895268976,0.0011349107622365766
2023Q3,HP3,SM6,0.0008504475295697426,0.0017453087127367892
2021Q2,HP4,SM6,0.0008421982301249301,0.0011761492614049325
2019Q3,HP5,SM6,0.000778220249909661,0.0009045204693621244
2019Q4,HP5,SM6,0.0006490544548511812,0.0007543918835467452
2021Q2,HP5,SM6,0.0010149997720656713,0.0011797278088534265
2021Q3,HP5,SM6,0.001407188763872066,0.001635566590982982
2022Q3,HP5,SM6,0.0011236886590161286,0.0013060562140192991
2019Q1,HP9,SM6,0.0009874269658302227,0.0013086691216801045
2019Q1,IG1,SM6,0.0019660853984341006,0.004517660543191273
2019Q2,IG1,SM6,0.003466117611188319,0.007964426561835691
2019Q3,IG1,SM6,0.002772983082292216,0.006371745737894181
2020Q1,IG1,SM6,0.002965530064908277,0.006814179167676999
2020Q2,IG1,SM6,0.0015100686840524749,0.0034698277688680434
2020Q3,IG1,SM6,0.0035741703600668407,0.008212709591952609
2021Q2,IG1,SM6,0.0019594850589350014,0.004502494318290514
2021Q3,IG1,SM6,0.003044981342624033,0.006996741889890629
2022Q2,IG1,SM6,0.0011418834537169225,0.002623813710171769
2022Q3,IG1,SM6,0.0009341087215448854,0.002146390038670346
2022Q4,IG1,SM6,0.00244447405006923,0.0056168994356238155
2023Q1,IG1,SM6,0.0024795275384951604,0.005697445154385151
2023Q2,IG1,SM6,0.001995008234441392,0.004584119281520443
2023Q3,IG1,SM6,0.0018475264911768626,0.004245236518382133
2019Q1,IG10,SM6,0.0013591620579944115,0.0023960931272985733
2019Q2,IG10,SM6,0.0005553222404649665,0.000978988337695065
2019Q3,IG10,SM6,0.0008045808915956297,0.0014184112434339113
2019Q4,IG10,SM6,0.0012220311351386589,0.0021543423663336653
2020Q1,IG10,SM6,0.00127844942600342,0.002253803264465609
2020Q3,IG10,SM6,0.0012948819379057775,0.002282772458096273
2021Q2,IG10,SM6,0.0009700659526358426,0.001710148063996827
2021Q3,IG10,SM6,0.0012755495709618275,0.0022486910538249047
2021Q4,IG10,SM6,0.0018944108574492434,0.003339693606891868
2022Q1,IG10,SM6,0.001852491841792445,0.00326579376196345
2022Q2,IG10,SM6,0.0013944436276671205,0.002458291690093821
2022Q3,IG10,SM6,0.0008856479503139273,0.0015613259320118506
2019Q3,IG11,SM6,0.004023575981757751,0.00830086682433455
2020Q1,IG11,SM6,0.002262146399499087,0.004666937093899867
2020Q2,IG11,SM6,0.001164236809469443,0.0024018869660247058
2021Q2,IG11,SM6,0.0008222758026440798,0.0016964018976073749
2021Q3,IG11,SM6,0.0007573527709134674,0.0015624619788208965
2021Q4,IG11,SM6,0.0004745328464279496,0.000978988337695065
2022Q1,IG11,SM6,0.0006341146496131191,0.001308214702956486
2022Q2,IG11,SM6,0.0028506937812944944,0.005881143923407828
2022Q3,IG11,SM6,0.0023348888294534038,0.0048170088773747954
2022Q4,IG11,SM6,0.004486710127958189,0.009256338993082373
2023Q1,IG11,SM6,0.0031605512024549328,0.0065203974628578005
2023Q2,IG11,SM6,0.0012735431860472766,0.0026273922576202625
2023Q3,IG11,SM6,0.0010818577971971816,0.002231934363391481
2019Q3,IG2,SM6,0.0021182799609191483,0.0014632282900507614
2019Q4,IG2,SM6,0.002612819389683425,0.00180483756553078
2020Q1,IG2,SM6,0.0014480121052727205,0.001000232413024218
2020Q2,IG2,SM6,0.0023559286056030124,0.0016273870539578535
2021Q2,IG2,SM6,0.012898565210787845,0.008909844716323456
2023Q2,IG2,SM6,0.007067703585444094,0.004882104359533108
2023Q3,IG2,SM6,0.00437865572045896,0.003024611024403064
2019Q1,IG3,SM6,0.001451987791894431,0.0014937311468736366
2019Q3,IG3,SM6,0.0062150510645103615,0.0063937282436492115
2020Q2,IG3,SM6,0.004581461270579929,0.004713174199028025
2020Q3,IG3,SM6,0.005092199646631322,0.005238595848211625
2020Q4,IG3,SM6,0.0032570200352994142,0.003350656458599158
2022Q1,IG3,SM6,0.0022103652616312828,0.0022739112929857173
2022Q2,IG3,SM6,0.001664234096493518,0.001712079343572205
2022Q4,IG3,SM6,0.004745449700512106,0.0048818771501713
2023Q1,IG3,SM6,0.0018594741935440827,0.0019129324194114704
2023Q2,IG3,SM6,0.002228586198290414,0.0022926560653349693
2023Q3,IG3,SM6,0.002087567191540657,0.002147582887819844
2022Q3,IG5,SM6,0.0026764624308683363,0.001162119083313219
2019Q1,IG6,SM6,0.0017264991186016574,0.0029911544458766704
2019Q2,IG6,SM6,0.0022874088761176982,0.003962928886334296
2020Q1,IG6,SM6,0.0025961256330016727,0.004497779724032975
2020Q2,IG6,SM6,0.0026279284424937555,0.004552877994271687
2020Q3,IG6,SM6,0.002136853720254145,0.003702092538977421
2020Q4,IG6,SM6,0.0039444663962613855,0.0068337759751330345
2021Q2,IG6,SM6,0.0030866429864151324,0.0053475995395395525
2021Q3,IG6,SM6,0.004578194751593835,0.007931708413735175
2022Q1,IG6,SM6,0.0008952326940013722,0.0015509879060495355
2022Q3,IG6,SM6,0.0005535328171699384,0.000958993913855862
2022Q4,IG6,SM6,0.006055845082520325,0.010491733095579034
2019Q1,IG8,SM6,0.001469449252471274,0.0014218193838610484
2019Q2,IG8,SM6,0.002594710059924807,0.002510606645650373
2020Q3,IG8,SM6,0.004658607921341953,0.004507606528931219
2021Q2,IG8,SM6,0.0021970411998616687,0.0021258275914266198
2022Q3,IG8,SM6,0.0015838656398735555,0.0015325271454025438
2019Q1,IP1,SM6,0.0004865755715470013,0.0015148616175218847
2020Q1,IP1,SM6,0.000273620077486609,0.0008518646997628598
2021Q3,IP1,SM6,0.0004415469424053762,0.001374673441285655
2022Q4,IP1,SM6,0.0003469284372479744,0.0010800965037001252
2023Q3,IP1,SM6,0.0003336278413629481,0.0010386875975104124
2021Q3,IP2,SM6,0.001322533679452991,0.0024892489656403146
2019Q3,IP24,SM6,0.0008822101716485787,0.0015709255275482862
2020Q3,IP24,SM6,0.0012337736046012465,0.0021969441216728764
2021Q4,IP24,SM6,0.001248319737023569,0.0022228459889191165
2022Q3,IP24,SM6,0.0009249234859325477,0.0016469838614138904
2019Q3,IP33,SM6,0.0004518070019950296,0.001302534468911258
2019Q1,IP4,SM6,0.0005511029536997186,0.0011280944813823028
2019Q2,IP4,SM6,0.0007870282967186012,0.0016110279799075966
2019Q4,IP4,SM6,0.0008316493213686089,0.001702366143354865
2019Q1,KT1,SM6,0.032088051705108124,0.052830379993814895
2019Q2,KT1,SM6,0.027752196818250238,0.04569174585747447
2019Q3,KT1,SM6,0.039238356833503366,0.06460277865723106
2019Q4,KT1,SM6,0.022273477169251474,0.036671477391311776
2020Q1,KT1,SM6,0.027685162276414828,0.045581378909975684
2020Q2,KT1,SM6,0.015766883045264392,0.025958896796054277
2020Q3,KT1,SM6,0.021400751605551795,0.035234605387230875
2021Q2,KT1,SM6,0.009035000419895316,0.014875396917643375
2021Q4,KT1,SM6,0.01577426616001106,0.025971052496911062
2022Q3,KT1,SM6,0.014448686558158234,0.023788592972053515
2022Q4,KT1,SM6,0.011107378628320059,0.018287399903930995
2023Q1,KT1,SM6,0.012338840767420957,0.020314902644034717
2023Q3,KT1,SM6,0.003885795392136892,0.0063976476051404215
2019Q1,KT10,SM6,0.01838651983017789,0.01704865446334765
2019Q2,KT10,SM6,0.01575357313096737,0.01460728987070861
2019Q3,KT10,SM6,0.011023029225436062,0.01022095633864301
2019Q4,KT10,SM6,0.014350417148058648,0.013306232262649112
2020Q1,KT10,SM6,0.013525737565351055,0.0125415591554805
2020Q3,KT10,SM6,0.025206145828228443,0.02337206140951694
2020Q4,KT10,SM6,0.028647415740470212,0.02656293288442383
2021Q3,KT10,SM6,0.03314566244071054,0.030733871941494382
2022Q1,KT10,SM6,0.011344336936868336,0.010518884614315223
2022Q2,KT10,SM6,0.0193148510139805,0.017909437130561517
2023Q2,KT10,SM6,0.005029981864250271,0.004663983372196349
2023Q3,KT10,SM6,0.007901106710657873,0.007326195464513859
2019Q1,KT11,SM6,0.011856634383382502,0.015696020330157483
2019Q3,KT11,SM6,0.010950031597963455,0.014495843678741231
2019Q4,KT11,SM6,0.015009856281951997,0.019870310725314717
2020Q1,KT11,SM6,0.007122896909020938,0.009429415724440471
2020Q3,KT11,SM6,0.0411966415791279,0.05453683590568232
2022Q1,KT11,SM6,0.01950459628767879,0.025820526294712515
2022Q2,KT11,SM6,0.03846263068030018,0.05091750437674388
2022Q3,KT11,SM6,0.028817001783682693,0.03814845184775199
2022Q4,KT11,SM6,0.010023090428319474,0.013268742717950602
2023Q1,KT11,SM6,0.017955703895797644,0.023770075409066074
2023Q2,KT11,SM6,0.005208514312861339,0.006895122502821499
2023Q3,KT11,SM6,0.012469102941244752,0.016506816937773342
2019Q1,KT12,SM6,0.008422065954044029,0.003883519214382007
2019Q2,KT12,SM6,0.009245807050662271,0.004263356464986411
2019Q3,KT12,SM6,0.021993160485558647,0.010141319457328912
2020Q1,KT12,SM6,0.01743221924101097,0.008038212802083203
2020Q2,KT12,SM6,0.016068802692877176,0.007409524497957357
2020Q3,KT12,SM6,0.03964588168005349,0.0182812084488217
2020Q4,KT12,SM6,0.012858959451575922,0.0059294259127922674
2021Q2,KT12,SM6,0.015741868511566455,0.007258771086397003
2022Q4,KT12,SM6,0.015062500761028157,0.006945506178802672
2023Q3,KT12,SM6,0.006987448216461256,0.003221999157474741
2019Q3,KT13,SM6,0.005746903189150809,0.010368074400414415
2019Q4,KT13,SM6,0.008161509922761165,0.014724302692040303
2020Q1,KT13,SM6,0.005185653764402947,0.009355515879512052
2020Q2,KT13,SM6,0.003781963474739878,0.006823097135128006
2020Q4,KT13,SM6,0.0070733295896446184,0.01276110020132857
2022Q2,KT13,SM6,0.003471176249805168,0.006262401232523539
2022Q3,KT13,SM6,0.002821045016122986,0.005089489704524387
2023Q2,KT13,SM6,0.0026519397395426674,0.0047844043339551855
2023Q3,KT13,SM6,0.0025075186068534245,0.004523851998300571
2019Q1,KT14,SM6,0.004112905082623328,0.003990705230815461
2019Q2,KT14,SM6,0.022223421327007224,0.021563134075473597
2019Q3,KT14,SM6,0.003222310328837904,0.0031265712255149087
2019Q4,KT14,SM6,0.007951483798570884,0.007715234694271533
2020Q2,KT14,SM6,0.003418600620656909,0.003317029473051407
2019Q2,KT15,SM6,0.00665157635090101,0.016080401767998066
2019Q3,KT15,SM6,0.005271092423580622,0.012743037057064742
2019Q4,KT15,SM6,0.00601107541719856,0.014531969967268884
2020Q1,KT15,SM6,0.0026495028352172827,0.006405259118761027
2020Q2,KT15,SM6,0.002973160221928628,0.007187711358491199
2021Q2,KT15,SM6,0.006231726344139122,0.015065400746456256
2021Q4,KT15,SM6,0.0014942280586503062,0.003612344841062817
2022Q1,KT15,SM6,0.0011291472256397164,0.002729750075115273
2022Q4,KT15,SM6,0.001650852388219658,0.0039909892425177215
2023Q1,KT15,SM6,0.003576631461151435,0.008646622670667584
2023Q2,KT15,SM6,0.000896795291179572,0.002168031730382665
2023Q3,KT15,SM6,0.0013343377852150465,0.003225804914285044
2019Q1,KT16,SM6,0.0028232870184371497,0.002639263946774789
2019Q2,KT16,SM6,0.003469986479035174,0.003243811256208417
2019Q3,KT16,SM6,0.0019916860771851948,0.0018618671153448698
2019Q4,KT16,SM6,0.002553803591982932,0.002387345566868923
2020Q1,KT16,SM6,0.0017718459335749675,0.001656356247588517
2021Q3,KT16,SM6,0.0037503464631749154,0.0035058972550552413
2022Q1,KT16,SM6,0.0034972082546950354,0.003269258704731039
2023Q2,KT16,SM6,0.0011991556755521944,0.0011209941888257677
2020Q1,KT17,SM6,0.4153318291412871,0.6510809227789455
2020Q4,KT17,SM6,0.3990678526883629,0.6255852490692796
2021Q1,KT17,SM6,0.1739664164754865,0.2727125806986377
2021Q2,KT17,SM6,0.3750284208213667,0.5879006451336609
2021Q3,KT17,SM6,0.3760381049330852,0.5894834423503638
2021Q4,KT17,SM6,0.37615746253093196,0.5896705492598135
2022Q1,KT17,SM6,0.2756454293022763,0.4321062530675287
2022Q2,KT17,SM6,0.3485498037519861,0.5463923348481565
2022Q3,KT17,SM6,0.3156966068272327,0.494891129620925
2022Q4,KT17,SM6,0.3116886700033611,0.4886082227434982
2023Q1,KT17,SM6,0.2611617072937389,0.4094013351466239
2023Q2,KT17,SM6,0.23764289776003444,0.3725328672386236
2023Q3,KT17,SM6,0.2676798133923028,0.4196192241588824
2019Q1,KT18,SM6,0.272542433672488,0.16692219777009587
2020Q4,KT18,SM6,0.35622014384007056,0.21817171182678333
2021Q1,KT18,SM6,0.2795112249426803,0.17119032563168027
2021Q2,KT18,SM6,0.20936738227157572,0.12822980671017284
2021Q3,KT18,SM6,0.14346982797291938,0.08786998294627309
2021Q4,KT18,SM6,0.1928053273414665,0.11808615835688538
2022Q1,KT18,SM6,0.13329060712315585,0.08163558526759251
2022Q2,KT18,SM6,0.14729069918331844,0.09021012576822617
2022Q3,KT18,SM6,0.1007761041969136,0.06172165034481045
2022Q4,KT18,SM6,0.11733185252858827,0.07186143613894716
2023Q1,KT18,SM6,0.13546601260670166,0.08296794096524122
2023Q2,KT18,SM6,0.17522123248857951,0.1073165482118138
2023Q3,KT18,SM6,0.2238513202734018,0.13710068502094602
2019Q1,KT19,SM6,0.1452161600316934,0.3336225824007256
2019Q3,KT19,SM6,0.11828654270181176,0.2717539275988246
2019Q4,KT19,SM6,0.18629063061430054,0.42798791297771704
2020Q1,KT19,SM6,0.1179574362299702,0.2709978316450643
2020Q2,KT19,SM6,0.08893462657700399,0.20432023389813275
2020Q3,KT19,SM6,0.16682105667227942,0.383258114755802
2020Q4,KT19,SM6,0.07729524499661987,0.17757968009511466
2021Q1,KT19,SM6,0.044323479098738766,0.10182966933348524
2021Q2,KT19,SM6,0.07376558983020855,0.169470577972147
2021Q3,KT19,SM6,0.0926056311311036,0.21275407500146606
2021Q4,KT19,SM6,0.06509123232184423,0.1495419312431878
2022Q1,KT19,SM6,0.055513667802523266,0.1275382382151663
2022Q2,KT19,SM6,0.07162124272609778,0.16454411098472066
2022Q3,KT19,SM6,0.05375262305232728,0.12349237791177167
2022Q4,KT19,SM6,0.060986759608753875,0.14011223150704505
2023Q1,KT19,SM6,0.04982826758417461,0.1144764832258238
2023Q2,KT19,SM6,0.03763785332871478,0.08646997566114571
2023Q3,KT19,SM6,0.05780505090603619,0.13280250872126234
2019Q1,KT2,SM6,0.01169574593319705,0.02231570828412587
2019Q2,KT2,SM6,0.014771257992949538,0.028183844471570126
2019Q3,KT2,SM6,0.01665944044145112,0.03178653291475605
2020Q1,KT2,SM6,0.011785056888585378,0.02248611530548271
2020Q2,KT2,SM6,0.012919663265838708,0.024650966104800047
2020Q3,KT2,SM6,0.0193031638022195,0.036830807956280416
2020Q4,KT2,SM6,0.01646655854813079,0.03141851055096572
2021Q4,KT2,SM6,0.015637693341490178,0.029837019788093312
2022Q2,KT2,SM6,0.011616050790672195,0.02216364841873511
2022Q3,KT2,SM6,0.008627468060831017,0.016461375065411517
2023Q2,KT2,SM6,0.009615515160292095,0.018346587942682274
2023Q3,KT2,SM6,0.005543620311908953,0.01057733422264062
2020Q4,KT20,SM6,0.3465827888249777,0.1107013996793652
2021Q1,KT20,SM6,0.29264276485906976,0.09347251138976248
2021Q2,KT20,SM6,0.4939181042103754,0.15776151391833512
2021Q3,KT20,SM6,0.23432797097047026,0.07484628552503363
2021Q4,KT20,SM6,0.2670078579653274,0.0852845108159066
2022Q1,KT20,SM6,0.2689441382465577,0.08590297469875104
2022Q2,KT20,SM6,0.33727342069843075,0.1077279107613692
2022Q3,KT20,SM6,0.22039841899873924,0.07039707180208735
2022Q4,KT20,SM6,0.240593495113408,0.07684754558384839
2023Q1,KT20,SM6,0.21573057505846246,0.06890612396989587
2023Q2,KT20,SM6,0.2842513870715851,0.09079223615318112
2023Q3,KT20,SM6,0.4073342939932813,0.13010593121297126
2019Q1,KT21,SM6,0.11401114239793557,0.08581453345466684
2019Q2,KT21,SM6,0.13738016758016508,0.1034040598038011
2019Q3,KT21,SM6,0.12336193714593345,0.09285274105308763
2020Q1,KT21,SM6,0.09789645996261133,0.07368524568618899
2020Q2,KT21,SM6,0.10048849872724516,0.07563623567370349
2020Q3,KT21,SM6,0.12476093020555384,0.09390574284039202
2020Q4,KT21,SM6,0.06976936414622459,0.052514388573878856
2021Q1,KT21,SM6,0.03614213820947678,0.02720366328472556
2021Q2,KT21,SM6,0.10875688127035923,0.08185972730301723
2021Q3,KT21,SM6,0.06354596563211005,0.04783012676614105
2021Q4,KT21,SM6,0.08081792277718071,0.06083047842545461
2022Q1,KT21,SM6,0.08986519232905206,0.06764022701057634
2022Q2,KT21,SM6,0.06699733841173458,0.05042792500438567
2022Q3,KT21,SM6,0.06943278473928173,0.05226105013546168
2022Q4,KT21,SM6,0.043756832227268186,0.032935133041041634
2023Q1,KT21,SM6,0.061120405381313886,0.04600444274166427
2023Q2,KT21,SM6,0.05138926081022363,0.03867995134736398
2023Q3,KT21,SM6,0.08579416629597285,0.06457602475487803
2019Q1,KT22,SM6,0.03672140286650926,0.0563229855012043
2019Q2,KT22,SM6,0.0562466548154042,0.08627065624849865
2019Q3,KT22,SM6,0.031098281699942436,0.0476982885339513
2019Q4,KT22,SM6,0.03996027947671912,0.06129074779013945
2020Q1,KT22,SM6,0.03504517302634416,0.05375199796765316
2020Q2,KT22,SM6,0.03561531041287904,0.054626469998916016
2020Q3,KT22,SM6,0.06330806280761929,0.0971013857118969
2020Q4,KT22,SM6,0.061795782185394416,0.09478186213952802
2021Q2,KT22,SM6,0.08848243374349984,0.13571362866944175
2021Q3,KT22,SM6,0.06987251246336723,0.107169884568766
2021Q4,KT22,SM6,0.07938812210990387,0.12176484833159645
2022Q3,KT22,SM6,0.057000554573617274,0.08742698149308574
2022Q4,KT22,SM6,0.04822395704454111,0.07396550843398055
2023Q2,KT22,SM6,0.029551707656481376,0.04532616599432358
2023Q3,KT22,SM6,0.035576350716183064,0.05456671393676022
2020Q2,KT23,SM6,0.08578292340815366,0.007283934523217362
2020Q3,KT23,SM6,0.03586903971849518,0.003045684692710861
2021Q4,KT23,SM6,0.06877792537305143,0.005840019028920378
2022Q2,KT23,SM6,0.059699450615601675,0.005069154466642471
2023Q1,KT23,SM6,0.03469568147484571,0.0029460533875575595
2023Q3,KT23,SM6,0.040826043473023405,0.0034665900354622628
2021Q3,KT24,SM6,0.3531632747291326,0.00781480919708438
2019Q1,KT3,SM6,0.04859446834758312,0.08800909187804072
2019Q2,KT3,SM6,0.07704518042965769,0.13953597176315666
2019Q3,KT3,SM6,0.059864968131178226,0.10842101291956792
2019Q4,KT3,SM6,0.060718684575061514,0.10996717262667904
2020Q1,KT3,SM6,0.07823890936318602,0.14169792564311093
2020Q2,KT3,SM6,0.06982955148235555,0.12646779810934305
2020Q4,KT3,SM6,0.06913008108810555,0.1252009923125763
2021Q2,KT3,SM6,0.112870346590255,0.20441867235413655
2021Q3,KT3,SM6,0.062385282091412364,0.11298553539363232
2021Q4,KT3,SM6,0.05688640101291401,0.10302655144915523
2022Q1,KT3,SM6,0.03956956899255522,0.07166416161055639
2022Q2,KT3,SM6,0.040856102737158166,0.07399419361590895
2022Q3,KT3,SM6,0.04485442505220493,0.0812355263837871
2022Q4,KT3,SM6,0.05375352511787149,0.09735262246371734
2023Q1,KT3,SM6,0.05781319458075939,0.10470506060952016
2023Q2,KT3,SM6,0.03759739618918178,0.06809237364057649
2023Q3,KT3,SM6,0.051189490337550166,0.09270891752706246
2019Q1,KT4,SM6,0.22181685032201706,0.3355540323831245
2019Q2,KT4,SM6,0.25859898092975514,0.39119629863634864
2019Q3,KT4,SM6,0.2553346967109004,0.38625824397147
2019Q4,KT4,SM6,0.2236282137784041,0.3382941772865425
2020Q1,KT4,SM6,0.1600726368353156,0.2421503086276497
2020Q2,KT4,SM6,0.16739446531406232,0.2532264242018018
2020Q3,KT4,SM6,0.3380790485546493,0.5114299830787135
2020Q4,KT4,SM6,0.1958109054180213,0.2962134698163005
2021Q2,KT4,SM6,0.16279039545077664,0.24626160522724536
2021Q3,KT4,SM6,0.19389188899667856,0.2933104726028057
2021Q4,KT4,SM6,0.1275067325348719,0.1928861499744504
2022Q1,KT4,SM6,0.10585898668337362,0.1601384646569013
2022Q2,KT4,SM6,0.13309575005206492,0.20134095114141065
2022Q3,KT4,SM6,0.13397912767799694,0.20267728300289095
2022Q4,KT4,SM6,0.10201351913993427,0.15432122336650228
2023Q1,KT4,SM6,0.10294597330064034,0.15573179588695374
2023Q2,KT4,SM6,0.07610358701284528,0.11512590438421474
2023Q3,KT4,SM6,0.11865801177605627,0.17950022402814672
2019Q1,KT5,SM6,0.034983019843143566,0.04548634859439902
2019Q2,KT5,SM6,0.054708305034831664,0.07113396856477479
2019Q3,KT5,SM6,0.06777911766952635,0.08812917202575685
2019Q4,KT5,SM6,0.04885831048300507,0.06352756715480982
2020Q1,KT5,SM6,0.03885552314425714,0.050521535261451034
2020Q2,KT5,SM6,0.018007856800858733,0.023414549560175243
2020Q3,KT5,SM6,0.04676369702040758,0.0608040653371443
2021Q1,KT5,SM6,0.021085536706587832,0.027416274445038444
2021Q3,KT5,SM6,0.037774381592703084,0.04911579093993797
2022Q2,KT5,SM6,0.017581350215768125,0.022859988310339623
2022Q4,KT5,SM6,0.01781633730182798,0.023165528099632446
2023Q2,KT5,SM6,0.012221294345882648,0.015890625148546996
2023Q3,KT5,SM6,0.010597616147781394,0.013779452560957065
2019Q1,KT6,SM6,0.01974209409642905,0.03870664844737656
2019Q3,KT6,SM6,0.025701513478765328,0.05039077627372987
2019Q4,KT6,SM6,0.02517561930075597,0.04935970018984007
2020Q1,KT6,SM6,0.016548718166674584,0.03244566727336432
2020Q2,KT6,SM6,0.02163151205109289,0.04241106988231252
2020Q3,KT6,SM6,0.034642728514192214,0.06792105778177243
2020Q4,KT6,SM6,0.029076483982548144,0.05700779451769701
2021Q2,KT6,SM6,0.03464223599540496,0.06792009214198473
2021Q3,KT6,SM6,0.013167402862044257,0.025816209316838142
2021Q4,KT6,SM6,0.017607112068781114,0.034520770374767064
2022Q2,KT6,SM6,0.014819484704640413,0.02905530597878902
2022Q3,KT6,SM6,0.012784107358790412,0.025064714352654463
2022Q4,KT6,SM6,0.016546023799191394,0.03244038465570226
2023Q2,KT6,SM6,0.013248552575167008,0.025975312672444986
2023Q3,KT6,SM6,0.013546468498066424,0.02655941113931579
2019Q1,KT7,SM6,0.021468225934860717,0.006816337656614185
2019Q2,KT7,SM6,0.02335025805821581,0.007413898278172181
2019Q3,KT7,SM6,0.01664364016464777,0.005284492139297068
2019Q4,KT7,SM6,0.0315016755172036,0.01000204011853992
2020Q1,KT7,SM6,0.013289973417079841,0.004219675465178607
2020Q2,KT7,SM6,0.011940527760571524,0.0037912154111470493
2021Q4,KT7,SM6,0.059798350512552965,0.018986466307877217
2022Q1,KT7,SM6,0.010129340192430178,0.0032161485164081565
2022Q2,KT7,SM6,0.02509203227427904,0.00796692586481559
2022Q4,KT7,SM6,0.028214201914658614,0.0089582403103888
2023Q2,KT7,SM6,0.015345360020238268,0.0048722775546348645
2023Q3,KT7,SM6,0.02708373033790188,0.008599306321070836
2019Q1,KT8,SM6,0.008995449124995862,0.010726724378030121
2019Q3,KT8,SM6,0.0049494667069083596,0.005902047184694268
2020Q1,KT8,SM6,0.012428708476330446,0.01482075306612828
2020Q3,KT8,SM6,0.01733611388587871,0.020672643784203186
2022Q2,KT8,SM6,0.006133327888437577,0.007313755751954809
2022Q3,KT8,SM6,0.006512451179138541,0.007765845579614516
2022Q4,KT8,SM6,0.00593978875913515,0.007082967842697192
2023Q1,KT8,SM6,0.007786389272681267,0.009284967372670322
2023Q2,KT8,SM6,0.0035177630223615355,0.004194796040060507
2023Q3,KT8,SM6,0.004058986647056139,0.004840184232279325
2019Q1,KT9,SM6,0.06313735836467384,0.03138153222733129
2019Q2,KT9,SM6,0.038655602494937866,0.019213221250962725
2019Q3,KT9,SM6,0.054428485298167004,0.02705290987316521
2019Q4,KT9,SM6,0.039820709258444685,0.01979232111187373
2020Q1,KT9,SM6,0.05117098621165416,0.02543381596091339
2020Q2,KT9,SM6,0.07795198513926099,0.03874493322484139
2020Q3,KT9,SM6,0.09728727186912424,0.04835526440362238
2021Q2,KT9,SM6,0.06613966535673736,0.03287378651335317
2022Q3,KT9,SM6,0.08180683714905489,0.04066093297063728
2022Q4,KT9,SM6,0.034901433080401424,0.017347264367105292
2023Q1,KT9,SM6,0.042586680714762064,0.02116710815784029
2023Q2,KT9,SM6,0.028112843382919108,0.013973091739558888
2023Q3,KT9,SM6,0.026484436686184568,0.013163715190454336
2021Q3,L13,SM6,0.0014176551042023042,0.00271225495425597
2021Q4,L13,SM6,0.0025659946321575857,0.004909255878269299
2019Q4,LA1,SM6,0.0004054382746666018,0.0011239479105292862
2021Q4,LA1,SM6,0.0012366000563200125,0.003428078048635617
2023Q2,LA1,SM6,0.00037689551848271464,0.0010448222502792586
2019Q1,LE1,SM6,0.0025871774576924998,0.005760268542925375
2019Q2,LE1,SM6,0.0008890528458585351,0.0019794479600810924
2019Q4,LE1,SM6,0.0007580981782221755,0.0016878815465395328
2020Q1,LE1,SM6,0.0007323052366713556,0.001630454380342277
2019Q1,LE11,SM6,0.0007760047003751232,0.003422113802888127
2019Q2,LE11,SM6,0.0010197443170334647,0.004496984491266643
2019Q3,LE11,SM6,0.0005227592000253023,0.002305322987255829
2019Q4,LE11,SM6,0.000977508825672544,0.004310729616923613
2020Q1,LE11,SM6,0.0007160583823532488,0.0031577557104232106
2020Q3,LE11,SM6,0.0008167460419959197,0.003601779605738692
2020Q4,LE11,SM6,0.0006568720198026451,0.0028967489560449795
2021Q2,LE11,SM6,0.0005992313293969969,0.002642558482521021
2021Q4,LE11,SM6,0.0005874326986905,0.002590527538666732
2022Q2,LE11,SM6,0.0005005144017391451,0.002207225345294739
2022Q4,LE11,SM6,0.0003076273986498533,0.0013566102970218295
2023Q1,LE11,SM6,0.0005031678055879862,0.002218926627427909
2023Q2,LE11,SM6,0.0006495171965128964,0.002864314819646727
2023Q3,LE11,SM6,0.00044112194956921356,0.0019453097534692708
2019Q3,LE2,SM6,0.00039628877914526633,0.0023600804434518274
2020Q1,LE2,SM6,0.00044934792565625613,0.002676071863387867
2020Q2,LE2,SM6,0.0005071378535207335,0.0030202372441882385
2020Q3,LE2,SM6,0.0004995552503432686,0.002975079383528675
2020Q4,LE2,SM6,0.0004790965285625617,0.002853238363258532
2021Q2,LE2,SM6,0.00013864241482720624,0.0008256788208143582
2021Q3,LE2,SM6,0.0008639589446806545,0.0051452696028485255
2022Q3,LE2,SM6,0.0003873994883762133,0.0023071406621503017
2023Q3,LE2,SM6,0.0005470633590564164,0.003258011841321488
2019Q1,LE3,SM6,0.00047842635757911465,0.0021616698682520095
2019Q3,LE3,SM6,0.00014029950994804818,0.0006339141194474571
2019Q4,LE3,SM6,0.00027113257446680593,0.0012250560765343465
2020Q3,LE3,SM6,0.0004390519789807915,0.0019837649379554653
2022Q2,LE3,SM6,0.00032991756626941097,0.0014906638204892132
2022Q3,LE3,SM6,0.0006252505490381878,0.0028250644023942013
2019Q3,LE4,SM6,0.0004984635542119192,0.0024886241398953397
2021Q4,LE4,SM6,0.00021884293036762223,0.001092593018599627
2023Q2,LE4,SM6,0.000633785509698922,0.003164231177234771
2019Q1,LN6,SM6,0.00027225204191062597,0.0013812057104376672
2019Q2,LN6,SM6,0.0007064378427517253,0.0035839436708366775
2019Q3,LN6,SM6,0.0005033796492951076,0.002553776424394106
2019Q4,LN6,SM6,0.00036629073659755424,0.0018582885678963762
2020Q1,LN6,SM6,0.0003197360405017991,0.0016221044362957915
2021Q1,LN6,SM6,0.00012458251646403748,0.0006320396422125318
2021Q2,LN6,SM6,0.0008409515798595661,0.004266366989030382
2019Q2,LS12,SM6,0.0005608317790434934,0.0010478895766636818
2019Q4,LS12,SM6,0.0010622302250411263,0.0019847305777431538
2021Q3,LS12,SM6,0.0013663586464174875,0.0025529811916277737
2019Q1,LS6,SM6,0.0008120628551143492,0.0014619218362203587
2019Q4,LS6,SM6,0.00123035237099619,0.0022149504635962493
2020Q3,LS6,SM6,0.0032782261538124363,0.005901649568311102
2021Q2,LS6,SM6,0.0010295532098683305,0.0018534603689579325
2021Q4,LS6,SM6,0.001382245388228986,0.0024883969305335304
2022Q1,LS6,SM6,0.0009258406324598962,0.0016667510758912845
2022Q4,LS6,SM6,0.0009572667739563373,0.0017233262069817565
2019Q2,LS7,SM6,0.0010224136373616092,0.0025321915350222392
2019Q4,LS7,SM6,0.0008512736261008738,0.002108332470567318
2021Q4,LS7,SM6,0.0005831191083227285,0.001444199505999247
2022Q2,LS9,SM6,0.00112361310445575,0.0020125637245647717
2022Q3,LS9,SM6,0.0014452117184459213,0.0025885962590913546
2019Q1,LU1,SM6,0.0006808875910066053,0.0014576616606864375
2019Q4,LU1,SM6,0.000263949409840765,0.0005650696828192924
2020Q1,LU1,SM6,0.0007589739513967715,0.0016248309486375009
2021Q1,LU1,SM6,0.0015311347601207304,0.003277892660479786
2021Q4,LU1,SM6,0.0026407146123654983,0.005653309735853729
2022Q3,LU1,SM6,0.0011268793109516615,0.0024124522013488307
2022Q4,LU1,SM6,0.00130181080060588,0.00278695003195072
2023Q3,LU1,SM6,0.0005465249239947807,0.0011700146086360862
2019Q1,LU2,SM6,0.0007748081324683823,0.001614549725015638
2019Q2,LU2,SM6,0.00047490526610836464,0.0009896103753596413
2021Q3,LU2,SM6,0.0009343274538589317,0.001946957021342387
2022Q1,LU2,SM6,0.0005056806102385646,0.0010537402177302668
2023Q1,LU2,SM6,0.0011381425540019832,0.002371668120904093
2019Q2,LU3,SM6,0.0007959160104129511,0.0018393165861853144
2019Q3,LU3,SM6,0.001398758296673043,0.003232450788117961
2020Q1,LU3,SM6,0.0003972329033780212,0.0009179826240493151
2021Q2,LU3,SM6,0.0009322843136083759,0.00215445597101457
2023Q3,LU3,SM6,0.00024756697004043254,0.0005721131730353753
2020Q3,LU4,SM6,0.0015903618960734082,0.0019040144519604624
2020Q4,LU4,SM6,0.00136404846396511,0.0016330672880030814
2021Q1,LU4,SM6,0.0008819581529268672,0.0010558987066674537
2021Q3,LU4,SM6,0.0005900280590563514,0.0007063939058645677
2021Q4,LU4,SM6,0.0015941100640265644,0.0019085018368561926
2023Q3,LU4,SM6,0.0007844108958168752,0.0009391130946975637
2019Q1,LU5,SM6,0.0006190695008877982,0.0017672344161513696
2019Q4,LU5,SM6,0.0005074809896709441,0.0014486868908949774
2021Q1,LU5,SM6,0.0006088617786598657,0.0017380948154993494
2022Q4,LU5,SM6,0.0010350192581055448,0.002954630540965854
2023Q1,LU5,SM6,0.0012540972731728715,0.0035800243093454687
2020Q3,LU6,SM6,0.00310651174040628,0.0022022267393349377
2019Q2,LU7,SM6,0.0007341879510429057,0.002020516052228091
2019Q3,LU7,SM6,0.0004667339163063515,0.0012844713246474323
2019Q4,LU7,SM6,0.00046235822134075877,0.001272429228471549
2020Q3,LU7,SM6,0.0013449895600843359,0.0037014677132324453
2022Q2,LU7,SM6,0.0012683736180452794,0.0034906174254735784
2022Q3,LU7,SM6,0.0006148470628775442,0.0016920849197330015
2023Q2,LU7,SM6,0.0011371646892892778,0.003129524947218428
2019Q2,M14,SM6,0.0017674488027311047,0.002586664979515977
2019Q4,M14,SM6,0.000775980585730664,0.0011356491926624562
2021Q2,M14,SM6,0.0012317571084253663,0.001802679076593593
2021Q4,M14,SM6,0.0019554182908866394,0.002861758714326375
2022Q2,M14,SM6,0.0020397969130733274,0.002985247002469633
2022Q4,M14,SM6,0.002067004555277959,0.003025065443126682
2023Q1,M14,SM6,0.0007499373219370724,0.0010975348222189757
2023Q2,M14,SM6,0.0008040809180504259,0.0011767740871499075
2019Q1,M15,SM6,0.0010166903303599033,0.0019199191072871013
2019Q2,M15,SM6,0.0005462454556016521,0.0010315305026134247
2022Q1,M15,SM6,0.0009415815802146759,0.001778083663177755
2022Q2,M16,SM6,0.002381523220126883,0.002562637589504662
2020Q3,M20,SM6,0.0008515206553788505,0.0019214527704793129
2022Q2,M20,SM6,0.0009814375295447608,0.002214609649553536
2021Q4,M21,SM6,0.0013533193963610616,0.0016201163543799618
2021Q3,M33,SM6,0.0008259782552987692,0.0024730034962709624
2019Q1,ME1,SM6,0.0038340296889358655,0.004157874518766524
2019Q2,ME1,SM6,0.003207062990257437,0.0034779505035527195
2019Q3,ME1,SM6,0.0030427002918069017,0.003299704759213461
2019Q4,ME1,SM6,0.0017428836172535273,0.0018900978785496535
2020Q1,ME1,SM6,0.002317943549149139,0.002513730774375248
2020Q2,ME1,SM6,0.0027262837649300107,0.002956561820541231
2021Q3,ME1,SM6,0.0021905074607711426,0.002375530680054848
2021Q4,ME1,SM6,0.003949890201674102,0.00428352129584697
2022Q1,ME1,SM6,0.0016822296960279954,0.001824320768305912
2022Q3,ME1,SM6,0.0031113680730907303,0.003374172627546402
2022Q4,ME1,SM6,0.003175845600749305,0.0034440963086431607
2023Q2,ME1,SM6,0.0016838534193077805,0.0018260816408599328
2023Q3,ME1,SM6,0.002116235215263539,0.002294984961293513
2019Q1,ME10,SM6,0.0025819452304971843,0.009250431549675336
2019Q2,ME10,SM6,0.001518032163544082,0.005438710493625011
2019Q3,ME10,SM6,0.0019009330573669621,0.006810543817888052
2019Q4,ME10,SM6,0.003241696582186618,0.011614147342916107
2020Q1,ME10,SM6,0.0014738775120059792,0.005280515975465409
2020Q4,ME10,SM6,0.0020895851933281423,0.007486434866929743
2022Q3,ME10,SM6,0.002289383009731435,0.00820225796130939
2022Q4,ME10,SM6,0.007536667893379456,0.02700190137143906
2023Q1,ME10,SM6,0.001677305998140772,0.006009346805808628
2023Q2,ME10,SM6,0.0012629023062546206,0.004524647231066903
2023Q3,ME10,SM6,0.001976669779233216,0.007081888598228598
2019Q1,ME12,SM6,0.002112598565352448,0.002708733209147929
2019Q2,ME12,SM6,0.0016549212994590987,0.0021219082299354128
2019Q3,ME12,SM6,0.0029259270838439782,0.0037515673775113576
2019Q4,ME12,SM6,0.0018366454447204012,0.00235491143047067
2020Q1,ME12,SM6,0.002295075833595087,0.0029427020494708737
2021Q4,ME12,SM6,0.0053527994391729455,0.006863256389827769
2022Q1,ME12,SM6,0.0014375345659639227,0.001843179145336069
2022Q4,ME12,SM6,0.0024505735785651434,0.003142078264458381
2023Q1,ME12,SM6,0.002699901586739355,0.00346176183652382
2023Q2,ME12,SM6,0.003182830623183396,0.004080964149794136
2019Q1,ME13,SM6,0.003473513214922875,0.0046523956947440845
2019Q2,ME13,SM6,0.0016369469090142,0.0021925135391175983
2019Q4,ME13,SM6,0.002077534526251655,0.0027826330540763468
2020Q1,ME13,SM6,0.0007060258592520118,0.0009456453638495756
2020Q3,ME13,SM6,0.00193978993285602,0.002598139052287337
2022Q3,ME13,SM6,0.0018396621665361013,0.002464028726479502
2022Q4,ME13,SM6,0.0008941524036802867,0.0011976205460958948
2023Q1,ME13,SM6,0.0034766090755503016,0.0046565422655971
2019Q1,ME14,SM6,0.0015264546961491544,0.0022125647652972533
2019Q2,ME14,SM6,0.0019541927585969877,0.0028325623113339016
2020Q1,ME14,SM6,0.0012578594895511284,0.0018232415238373188
2020Q3,ME14,SM6,0.0063579549910821286,0.009215725319658993
2022Q4,ME14,SM6,0.002050791414019243,0.002972580080548775
2023Q1,ME14,SM6,0.0025672121365971218,0.003721121323028935
2023Q2,ME14,SM6,0.002278356684622501,0.003302431271555171
2023Q3,ME14,SM6,0.0011349656220443574,0.0016451093841789652
2019Q1,ME15,SM6,0.0037062711849741633,0.009669064798808646
2019Q2,ME15,SM6,0.003919450961926056,0.010225216514176929
2019Q4,ME15,SM6,0.002647361444163384,0.006906539773252408
2020Q1,ME15,SM6,0.0023702124930020468,0.00618350278163532
2020Q3,ME15,SM6,0.009153122262613856,0.023879022298053547
2022Q2,ME15,SM6,0.006342942069390495,0.016547714622898984
2022Q4,ME15,SM6,0.004732543147656981,0.012346443116026916
2023Q1,ME15,SM6,0.0031905115530227357,0.008323530958175009
2023Q2,ME15,SM6,0.0024828226254088683,0.006477284486454519
2023Q3,ME15,SM6,0.002928102945952547,0.007638949151044121
2019Q1,ME16,SM6,0.004172593349999261,0.00985798938315293
2019Q3,ME16,SM6,0.004378495368733993,0.010344444626786268
2019Q4,ME16,SM6,0.005020628847992185,0.011861521535585793
2020Q1,ME16,SM6,0.0017413915594275766,0.004114136716618268
2020Q2,ME16,SM6,0.0037207341089786493,0.008790446196692761
2022Q2,ME16,SM6,0.005252737452483671,0.012409891330312114
2023Q1,ME16,SM6,0.006703380166446618,0.015837117343840947
2023Q2,ME16,SM6,0.0031415926064935753,0.007422191419878214
2023Q3,ME16,SM6,0.0014596587411728394,0.003448526891198438
2020Q4,ME17,SM6,0.008580370866340425,0.003176216471070202
2021Q2,ME17,SM6,0.00904378485522302,0.003347759539236091
2019Q4,ME18,SM6,0.00848167012931787,0.0015977930345822153
2021Q4,ME18,SM6,0.006028441497936371,0.0011356491926624562
2023Q3,ME18,SM6,0.010689153758907834,0.002013642969033365
2019Q1,ME19,SM6,0.00689969354990316,0.010051514957073857
2019Q2,ME19,SM6,0.005629678301437745,0.008201349123862155
2019Q3,ME19,SM6,0.005486074403608379,0.0079921461039764
2019Q4,ME19,SM6,0.00402991606303398,0.005870805897445514
2020Q1,ME19,SM6,0.0025871706306467386,0.0037690056960302076
2020Q2,ME19,SM6,0.001175072133826666,0.0017118521342103954
2020Q3,ME19,SM6,0.005207717567712685,0.007586634195487569
2021Q2,ME19,SM6,0.005207795549737028,0.007586747800168474
2022Q2,ME19,SM6,0.0048141032998366435,0.0070132145686217905
2023Q1,ME19,SM6,0.004545377243947425,0.0066217328382246685
2023Q2,ME19,SM6,0.0024988559880772267,0.0036403483949057906
2023Q3,ME19,SM6,0.002644136499429987,0.0038519939154309907
2019Q1,ME2,SM6,0.004745764473670143,0.0030489792284570925
2019Q2,ME2,SM6,0.004499798477698864,0.002890955117318847
2019Q3,ME2,SM6,0.004682106847106764,0.003008081543331451
2020Q2,ME2,SM6,0.00646849899254159,0.00415577283216979
2020Q3,ME2,SM6,0.00818345313483307,0.005257567829922686
2019Q1,ME20,SM6,0.002587500053233168,0.00458406247917999
2019Q2,ME20,SM6,0.001999507643178361,0.0035423643576256063
2019Q3,ME20,SM6,0.0028889507669763,0.0051181180841123365
2020Q1,ME20,SM6,0.002077066596225014,0.0036797692191796742
2020Q3,ME20,SM6,0.0014952301675612595,0.002648977146992129
2020Q4,ME20,SM6,0.0008402593974756713,0.0014886189362329307
2021Q3,ME20,SM6,0.0009988721055045242,0.0017696201144503656
2021Q4,ME20,SM6,0.0018921947800749504,0.003352246924131821
2023Q2,ME20,SM6,0.0009170809152515217,0.0016247173439565962
2023Q3,ME20,SM6,0.000739166640569471,0.0013095211567868885
2019Q1,ME3,SM6,0.0014066642681194756,0.0005505282836635085
2020Q4,ME3,SM6,0.00390911013181283,0.0015299142377417391
2022Q2,ME3,SM6,0.0094288015041665,0.0036901640474824413
2019Q1,ME4,SM6,0.003097142934061471,0.004944473329349713
2019Q2,ME4,SM6,0.0036795539612956346,0.005874270840213103
2019Q3,ME4,SM6,0.0018390653781953348,0.0029359993732975057
2019Q4,ME4,SM6,0.0015599748963317649,0.002490441814789813
2020Q1,ME4,SM6,0.0028795349040923747,0.004597070215143562
2020Q3,ME4,SM6,0.004863269060877366,0.0077640279047200425
2022Q4,ME4,SM6,0.003792414110259332,0.006054447864127739
2023Q1,ME4,SM6,0.0036525130681013054,0.005831101061469369
2023Q2,ME4,SM6,0.002446595972002125,0.0039058993365202045
2023Q3,ME4,SM6,0.0022078533491943025,0.0035247556320853993
2019Q1,ME5,SM6,0.0037102547790781814,0.009418623279754538
2019Q3,ME5,SM6,0.001599123524199412,0.004059436062762721
2019Q4,ME5,SM6,0.003131342795504353,0.007949033127573122
2021Q1,ME5,SM6,0.003231385910785684,0.008202996391735272
2022Q1,ME5,SM6,0.004585268427719745,0.01163987880314099
2023Q1,ME5,SM6,0.0028608392793701533,0.007262349633845496
2023Q2,ME5,SM6,0.0017375191108724222,0.004410758538460079
2023Q3,ME5,SM6,0.005140193334670538,0.013048576846357565
2019Q1,ME6,SM6,0.00304815909160503,0.00093479611682319
2019Q2,ME6,SM6,0.00228079425496897,0.0006994640203293893
2023Q1,ME6,SM6,0.01376181688681131,0.004220413895604486
2019Q1,ME7,SM6,0.0036433002367179056,0.012439485349687751
2019Q2,ME7,SM6,0.0018685813406999145,0.006379982077259761
2019Q3,ME7,SM6,0.0021411850306251173,0.007310745227910839
2019Q4,ME7,SM6,0.004882361033858095,0.016670066864233196
2020Q1,ME7,SM6,0.0015614405300445329,0.0053312972678297476
2023Q2,ME7,SM6,0.0013431712506707589,0.00458605056109582
2023Q3,ME7,SM6,0.0017143621166301824,0.0058534243812671145
2019Q1,ME8,SM6,0.0018482806862765047,0.004369576841632175
2019Q2,ME8,SM6,0.0013241854959669945,0.0031305473893465685
2019Q3,ME8,SM6,0.0023299446609766727,0.005508293360679054
2019Q4,ME8,SM6,0.0014715895207480351,0.003479029748021313
2020Q1,ME8,SM6,0.001278222350179524,0.0030218845120613545
2020Q3,ME8,SM6,0.0012074636129374432,0.002854601619429387
2022Q4,ME8,SM6,0.0011414141159328658,0.002698451985526066
2023Q1,ME8,SM6,0.0005554020271945465,0.00131304290189493
2021Q3,ME9,SM6,0.003913413525020935,0.0006832753533004892
2022Q3,ME9,SM6,0.0107678244950655,0.0018800438642896
2019Q3,MK13,SM6,0.0014866040436896154,0.0025551964829054127
2019Q3,MK14,SM6,0.0013255821045267127,0.0016189235052304638
2020Q3,MK14,SM6,0.0015285518355591175,0.0018668089189642183
2021Q3,MK18,SM6,0.003690152707455649,0.005887960204262102
2019Q4,MK4,SM6,0.0017449313326228686,0.001576378552231705
2019Q1,MK40,SM6,0.0002598123701917825,0.0007397368797100567
2019Q2,MK42,SM6,0.0006226742261715961,0.00198512819412632
2019Q3,MK42,SM6,0.0008055317740484157,0.002568090614188081
2019Q4,MK42,SM6,0.0006302287034491732,0.002009212386478087
2020Q1,MK42,SM6,0.00026584989494982217,0.0008475477218884862
2020Q3,MK42,SM6,0.0011051451936232573,0.00352327877123364
2020Q4,MK42,SM6,0.0014935059040462365,0.004761399386072011
2021Q2,MK42,SM6,0.0017850303314417859,0.005690799280552234
2021Q3,MK42,SM6,0.002690498574947581,0.008577494222337159
2022Q2,MK42,SM6,0.001296911323195333,0.004134642361521541
2022Q3,MK42,SM6,0.0019435852684539477,0.006196283308237083
2023Q1,MK42,SM6,0.003436325034474393,0.010955240193669648
2023Q2,MK42,SM6,0.0015660395762090089,0.004992641714053248
2023Q3,MK42,SM6,0.001576943680204002,0.005027404746410043
2022Q3,MK43,SM6,0.02828446833847314,0.01166970003187844
2019Q4,MK45,SM6,0.0010805691992424255,0.002243806052546008
2021Q3,MK45,SM6,0.0030519747243045268,0.006337437124261002
2022Q1,MK45,SM6,0.0005466856221674821,0.001135194773938838
2019Q1,MK6,SM6,0.00029418835549652113,0.0008412994644387355
2019Q2,MK6,SM6,0.0008201163331372534,0.0023453118349342343
2019Q3,MK6,SM6,0.0010303842374844397,0.002946621410962082
2019Q4,MK6,SM6,0.0012032901610950812,0.0034410857845991885
2020Q4,MK6,SM6,0.0004672730445652325,0.0013362750591399126
2021Q2,MK6,SM6,0.0004253028875762278,0.001216251713764243
2022Q3,MK6,SM6,0.0003899073268784491,0.001115029943078278
2023Q1,MK6,SM6,0.00034996317841423305,0.0010008004364287408
2023Q3,MK6,SM6,0.0009412994508797608,0.0026918629140336016
2019Q1,MK7,SM6,0.0023426789223942282,0.00198887714859617
2019Q2,N1,SM6,0.006084380926683233,0.057336964080617975
2019Q3,N1,SM6,0.003445976621914709,0.032473614024866836
2019Q4,N1,SM6,0.0034103773287093666,0.032138139402155666
2020Q1,N1,SM6,0.003658499459678672,0.03447635094453337
2020Q3,N1,SM6,0.0019226029390363802,0.018117901720021392
2020Q4,N1,SM6,0.0035067895696202123,0.033046692837689906
2021Q3,N1,SM6,0.002342941020931835,0.02207901293146121
2021Q4,N1,SM6,0.0018903067973170735,0.017813554779878067
2022Q2,N1,SM6,0.001829108080094953,0.01723684061726606
2022Q3,N1,SM6,0.001986845618850559,0.0187233010645618
2022Q4,N1,SM6,0.002795997179955397,0.026348447246876017
2023Q1,N1,SM6,0.0012939312352214778,0.012193531215529373
2023Q2,N1,SM6,0.002344182716563447,0.022090714213594383
2023Q3,N1,SM6,0.0017615321105512527,0.016600029578455532
2019Q2,N10,SM6,0.0028912812445913397,0.006908471052827784
2019Q3,N10,SM6,0.001105135397898113,0.0026406272029456442
2019Q4,N10,SM6,0.0014087813804603356,0.0033661634975426305
2020Q1,N10,SM6,0.002226079499969394,0.005319027962292055
2020Q2,N10,SM6,0.0009243456306245123,0.0022086454038060463
2020Q3,N10,SM6,0.002917003076043021,0.006969931185197152
2020Q4,N10,SM6,0.0011945199508170796,0.002854204003046221
2021Q2,N10,SM6,0.0012303213169596228,0.002939748327767356
2021Q3,N10,SM6,0.0013153079596950762,0.003142816694884261
2021Q4,N10,SM6,0.001184487961101174,0.0028302334153753584
2022Q1,N10,SM6,0.0009324995938296203,0.0022281286065811783
2022Q3,N10,SM6,0.00047395208285782735,0.0011324682615971285
2023Q3,N10,SM6,0.0007114630052550061,0.0016999804450558687
2019Q1,N11,SM6,0.005414493838144543,0.003066701558678205
2019Q2,N11,SM6,0.004770739815157456,0.002702087335315012
2019Q4,N11,SM6,0.001876704943473649,0.0010629421968835363
2020Q2,N11,SM6,0.013377226649661709,0.007576693785908421
2022Q2,N11,SM6,0.001952322724020816,0.0011057711615845562
2019Q4,N12,SM6,0.0022098459503876364,0.003673748171091733
2020Q3,N12,SM6,0.002027320793189128,0.003370310068395647
2021Q2,N12,SM6,0.0005108790996690573,0.0008493085944425073
2021Q3,N12,SM6,0.0013280054819982106,0.0022077365663588093
2023Q2,N12,SM6,0.0005791808198562191,0.0009628564730066168
2023Q3,N12,SM6,0.0010729076116043383,0.001783650292542079
2019Q3,N13,SM6,0.0013228875688641845,0.0017234966140031133
2019Q4,N13,SM6,0.0008671449099314403,0.0011297417492554189
2020Q1,N13,SM6,0.002716841868242133,0.0035395810429434452
2021Q3,N13,SM6,0.0030389529142762963,0.003959236734204897
2022Q2,N13,SM6,0.0014989412239651528,0.0019528644647494237
2022Q4,N13,SM6,0.0041904083454839675,0.00545938654554964
2019Q1,N14,SM6,0.0013653023189302575,0.001688506372284508
2019Q2,N14,SM6,0.003326632633310894,0.004114136716618268
2019Q3,N14,SM6,0.0008537847273967087,0.0010558987066674537
2020Q1,N14,SM6,0.00086237355649043,0.00106652074433203
2021Q2,N14,SM6,0.002463983499416388,0.0030472751582435237
2023Q3,N14,SM6,0.0006784715688366335,0.0008390841731610964
2019Q3,N15,SM6,0.004480111020189555,0.008149147772986509
2019Q4,N15,SM6,0.0020302196198068068,0.003692890559824151
2020Q1,N15,SM6,0.002477996512557639,0.00450737931956941
2020Q2,N15,SM6,0.009611573628983395,0.017483078763126696
2020Q3,N15,SM6,0.002449985084089998,0.004456427620183714
2021Q1,N15,SM6,0.0003819797023591722,0.0006948062284123025
2022Q1,N15,SM6,0.0011115884144193176,0.002021936110739398
2022Q2,N15,SM6,0.001218106789562151,0.002215688894022129
2022Q3,N15,SM6,0.0031232898880931143,0.005681142882675347
2022Q4,N15,SM6,0.0037060337750882506,0.006741131357855364
2023Q1,N15,SM6,0.0009664098960848024,0.0017578620299767435
2023Q2,N15,SM6,0.0006918229501361267,0.0012583990503798356
2023Q3,N15,SM6,0.0004171110925777848,0.0007587088614211188
2019Q2,N16,SM6,0.0034581261354942536,0.009984204183637902
2019Q3,N16,SM6,0.0021616854267053785,0.006241157157194386
2020Q1,N16,SM6,0.0021805331594815674,0.006295573799347671
2020Q4,N16,SM6,0.0026962488372083305,0.007784533549623315
2021Q2,N16,SM6,0.0029992684407770787,0.00865940319726935
2021Q4,N16,SM6,0.0017348177251970591,0.005008716776401243
2022Q1,N16,SM6,0.0018078674452367141,0.005219623866500564
2022Q2,N16,SM6,0.0044840094109447675,0.01294610542418165
2022Q3,N16,SM6,0.0041760712967350505,0.012057035191422543
2022Q4,N16,SM6,0.0032123383217438073,0.009274572544367556
2023Q1,N16,SM6,0.002097174241138444,0.006054902282851356
2023Q2,N16,SM6,0.0007985103655398516,0.002305436591936733
2023Q3,N16,SM6,0.001018131702680349,0.0029395211184055467
2019Q1,N17,SM6,0.0039601089995172116,0.01001555907556756
2019Q3,N17,SM6,0.002674353199058048,0.006763738689355372
2019Q4,N17,SM6,0.0017619175655083329,0.004456086806140999
2020Q2,N17,SM6,0.0006214291720742147,0.0015716639579741658
2020Q4,N17,SM6,0.0008277636909887332,0.0020935070597092728
2021Q1,N17,SM6,0.0016536183328746325,0.004182185920480101
2021Q2,N17,SM6,0.002759002682217819,0.00697782671052002
2021Q3,N17,SM6,0.0010943118645467503,0.0027676372361969447
2022Q2,N17,SM6,0.0011765581917770722,0.0029756474069331977
2022Q3,N17,SM6,0.0023045591581385364,0.005828488153808564
2023Q1,N17,SM6,0.00227475553273312,0.005753111448028387
2023Q2,N17,SM6,0.0018206938184744039,0.00460473853110462
2023Q3,N17,SM6,0.00207201451801217,0.005240356720765645
2019Q2,N18,SM6,0.00166434767808416,0.0011712642601260366
2019Q2,N19,SM6,0.003797880128194411,0.002892204768808797
2019Q3,N19,SM6,0.0016498479988124235,0.0012564109684640055
2021Q3,N19,SM6,0.006304837551228253,0.004801331431409965
2022Q2,N19,SM6,0.004924108933025947,0.003749863307297789
2023Q1,N19,SM6,0.0040329866380844044,0.0030712457459143873
2023Q3,N19,SM6,0.006408740904107936,0.004880457091659993
2019Q3,N1C,SM6,0.002682403374184614,0.0015426947643435024
2021Q3,N1C,SM6,0.0030790502297656525,0.0017708129635998636
2022Q3,N1C,SM6,0.0020964208557179066,0.0012056864784401188
2023Q3,N1C,SM6,0.0024754872480784703,0.0014236938610959734
2019Q2,N2,SM6,0.003106354798712849,0.0016839621850483256
2019Q4,N2,SM6,0.004737908821878125,0.0025684314282307945
2020Q3,N2,SM6,0.0038599439410033037,0.0020924846175811307
2021Q2,N2,SM6,0.010713812042555157,0.00580798250890529
2021Q3,N2,SM6,0.004123888747653701,0.0022355697131804272
2021Q4,N2,SM6,0.005260978482377839,0.0028519887117685818
2022Q1,N2,SM6,0.0030073362031254637,0.00163028397332092
2022Q2,N2,SM6,0.00845377808676222,0.004582812827690039
2022Q3,N2,SM6,0.007277709603298915,0.003945263358453637
2022Q4,N2,SM6,0.0053953084713122615,0.0029248093122284068
2023Q2,N2,SM6,0.001780762996833464,0.0009653557759865172
2019Q1,N20,SM6,0.0019430577295029676,0.0016736241590860105
2019Q2,N20,SM6,0.002876667160556915,0.002477774892868954
2020Q3,N20,SM6,0.0011999027758724714,0.0010335185845292546
2022Q2,N20,SM6,0.002279254726007384,0.0019632024907117393
2023Q2,N20,SM6,0.0012677620754807575,0.001091968192854652
2019Q4,N21,SM6,0.0010686738641041773,0.0020544270494781028
2021Q3,N21,SM6,0.003252943017223985,0.006253483265072531
2021Q4,N21,SM6,0.000810960597052733,0.001558997036053307
2022Q1,N21,SM6,0.0008455607158004102,0.0016255125767229285
2022Q3,N21,SM6,0.0008280685976974001,0.001591885591175178
2023Q1,N21,SM6,0.0023545809246497923,0.004526464905961375
2023Q2,N21,SM6,0.0008923934982214766,0.001715544286339794
2023Q3,N21,SM6,0.0012109450611751133,0.002327930318755837
2020Q1,N22,SM6,0.003575417235670322,0.0048934648276235644
2020Q3,N22,SM6,0.0063969791895763075,0.008755171943271895
2021Q1,N22,SM6,0.005450136291636892,0.007459283348193554
2021Q2,N22,SM6,0.0036815811759231937,0.0050387652145005
2021Q4,N22,SM6,0.005630590088438882,0.0077062599244800715
2022Q2,N22,SM6,0.0024838128742430176,0.0033994496690476672
2022Q3,N22,SM6,0.002480285143624764,0.0033946214701092233
2022Q4,N22,SM6,0.0030968079475561226,0.004238420237527859
2023Q2,N22,SM6,0.002293854956128321,0.003139465356797577
2019Q2,N3,SM6,0.00289705413217826,0.005354245413372469
2019Q3,N3,SM6,0.0018733224076185198,0.003462216255247438
2019Q4,N3,SM6,0.0012322645460535655,0.0022774330380937588
2020Q1,N3,SM6,0.0010587689266972435,0.001956783826240632
2020Q2,N3,SM6,0.0013858750164774626,0.00256133113567426
2021Q1,N3,SM6,0.0009411176900460474,0.0017393444669892993
2021Q2,N3,SM6,0.0013999206317203035,0.002587289805260952
2022Q1,N3,SM6,0.0013557553163943453,0.002505664842031024
2022Q2,N3,SM6,0.0010475816095235142,0.0019361077743160011
2023Q2,N3,SM6,0.0005417550544541877,0.001001254855152359
2019Q4,N4,SM6,0.002910003869026216,0.006489894606034925
2020Q1,N4,SM6,0.003423649325873693,0.007635427405936078
2020Q2,N4,SM6,0.0017513407499254348,0.003905842534179753
2020Q3,N4,SM6,0.005014429706881267,0.01118318798590465
2020Q4,N4,SM6,0.004564203558188211,0.010179093013729677
2021Q1,N4,SM6,0.004266998776319157,0.00951626650299201
2021Q2,N4,SM6,0.0058900746122423145,0.013136052450654077
2021Q4,N4,SM6,0.00750848951106015,0.016745443570013372
2022Q1,N4,SM6,0.002788895913092772,0.006219799477184328
2022Q3,N4,SM6,0.002410366693096381,0.005375603093382527
2022Q4,N4,SM6,0.0021564092948603425,0.004809226956732832
2023Q1,N4,SM6,0.0023904749341933282,0.005331240465489296
2023Q2,N4,SM6,0.0006854888593044581,0.0015287781909326937
2023Q3,N4,SM6,0.0009855462365603775,0.002197966563801017
2019Q3,N5,SM6,0.0025830778323888727,0.002873005577735926
2019Q4,N5,SM6,0.002718618048034893,0.0030237589892962804
2020Q1,N5,SM6,0.001936478484124266,0.002153831145269595
2020Q2,N5,SM6,0.0024268542002633346,0.002699247218292398
2020Q3,N5,SM6,0.00512478883181871,0.005700001259705504
2020Q4,N5,SM6,0.002595385741948289,0.002886694941784925
2021Q2,N5,SM6,0.0073407743243192655,0.008164711614270433
2021Q3,N5,SM6,0.0065772753703222785,0.007315516624508831
2022Q2,N5,SM6,0.007098446395441959,0.007895184508824359
2022Q4,N5,SM6,0.0026621855166525064,0.002960992403096509
2023Q1,N5,SM6,0.001862069254962152,0.002071070135230621
2023Q2,N5,SM6,0.002088667573282194,0.002323102119817393
2023Q3,N5,SM6,0.0030570089556726213,0.0034001312971330944
2021Q3,N6,SM6,0.0040822735364766044,0.002408078421134005
2021Q4,N6,SM6,0.0028259301192380746,0.0016669782852530934
2019Q2,N7,SM6,0.005666175252694961,0.01610761008907471
2019Q4,N7,SM6,0.0023969843725902685,0.006814065562996093
2020Q1,N7,SM6,0.0025208488462582696,0.007166183271459783
2020Q3,N7,SM6,0.004592976207573436,0.013056756383382693
2021Q2,N7,SM6,0.003990837812028153,0.0113450178538532
2021Q3,N7,SM6,0.00523405828099885,0.014879202674453675
2021Q4,N7,SM6,0.002924312542387368,0.008313136129872244
2022Q1,N7,SM6,0.005939020774220457,0.016883246047950606
2022Q3,N7,SM6,0.008185525496674622,0.02326953318500057
2022Q4,N7,SM6,0.0043977183213524795,0.012501683912483
2023Q1,N7,SM6,0.0033009013043200693,0.009383689840376384
2023Q2,N7,SM6,0.0013687034330995974,0.0038909035186408033
2023Q3,N7,SM6,0.002975324963951234,0.00845815250504692
2019Q1,N8,SM6,0.003796263570939265,0.010910650356414607
2019Q2,N8,SM6,0.003014938568726959,0.008665083431314578
2020Q2,N8,SM6,0.0010140247865961802,0.002914357681585187
2021Q1,N8,SM6,0.002541929910695767,0.007305633017270135
2021Q2,N8,SM6,0.004452483287339618,0.012796658466451696
2021Q3,N8,SM6,0.003985561900719183,0.011454703173266554
2021Q4,N8,SM6,0.0025596778643543977,0.007356641518996283
2022Q1,N8,SM6,0.002589185319601988,0.007441447413291538
2022Q3,N8,SM6,0.003979356046099127,0.011436867238364538
2022Q4,N8,SM6,0.0018086113443819172,0.005198038977128696
2023Q2,N8,SM6,0.0011156308330984306,0.0032063785138503635
2023Q3,N8,SM6,0.0018256280349165288,0.00524694579225811
2019Q1,N9,SM6,0.0019558007630906997,0.001581036344148792
2019Q2,N9,SM6,0.0022887942177248453,0.001850222635552152
2019Q3,N9,SM6,0.0013985162961771287,0.0011305369820217507
2021Q2,N9,SM6,0.0034779160224882263,0.002811488643026105
2021Q4,N9,SM6,0.0006881208907432358,0.0005562653200491889
2022Q1,N9,SM6,0.003992127058785479,0.0032271681704558984
2022Q2,N9,SM6,0.00521638216747734,0.004216835348155992
2022Q3,N9,SM6,0.002650878048011775,0.002142925095902757
2023Q2,N9,SM6,0.0010641877759937,0.0008602714461497971
2023Q3,N9,SM6,0.002380000274723184,0.001923952073459213
2019Q1,NE6,SM6,0.0006371530525663409,0.002024151402017037
2019Q1,NG1,SM6,0.0010279097101694482,0.001737242780392565
2019Q2,NG1,SM6,0.0008994882151865338,0.001520201037524399
2019Q4,NG1,SM6,0.0007668319365428373,0.0012960021997592455
2020Q1,NG1,SM6,0.0012318179043755053,0.0020818625799165547
2019Q3,NG10,SM6,0.000518084869353425,0.0013865451304401818
2019Q2,NG11,SM6,0.010137332121028995,0.009044295856174006
2019Q3,NG11,SM6,0.0067492231289632346,0.006021502506665415
2019Q4,NG11,SM6,0.0037998442004934787,0.003390134085213493
2020Q1,NG11,SM6,0.006902660867066032,0.006158396147155413
2021Q4,NG17,SM6,0.0013741285363589664,0.003084083074856603
2019Q4,NG18,SM6,0.0007454382359534427,0.002929410301805041
2019Q1,NG2,SM6,0.0006197055554511403,0.002106117179289679
2019Q2,NG2,SM6,0.000925095811376574,0.003144009544033759
2019Q3,NG2,SM6,0.00048074897774951717,0.0016338625207694135
2019Q4,NG2,SM6,0.000852859784334667,0.002898509828599
2020Q1,NG2,SM6,0.0009737991391877997,0.0033095315641117067
2020Q3,NG2,SM6,0.0010562304407543627,0.003589680707222357
2021Q2,NG2,SM6,0.001252882244126662,0.004258017044983896
2021Q3,NG2,SM6,0.0009714258129869779,0.003301465631767482
2022Q1,NG2,SM6,0.0007302323594372881,0.0024817510567006137
2022Q2,NG2,SM6,0.0010419236292902553,0.003541057903795204
2023Q2,NG2,SM6,0.0007014683144259225,0.002383994228782238
2023Q3,NG2,SM6,0.001010435273217383,0.003434042294383106
2019Q1,NG3,SM6,0.0008423382384062199,0.0022497702982934974
2019Q2,NG3,SM6,0.0007531639956300116,0.0020115980847770828
2019Q3,NG3,SM6,0.0010103294961427496,0.002698451985526066
2020Q3,NG3,SM6,0.0010054805270626216,0.0026855010519029453
2021Q4,NG3,SM6,0.00045229397117138587,0.0012080153743986622
2023Q3,NG3,SM6,0.0003735620258440491,0.0009977331100443176
2019Q3,NG31,SM6,0.00022934006987769068,0.0007454171137552848
2019Q1,NG5,SM6,0.0005179459090561934,0.002204839646995743
2019Q2,NG5,SM6,0.0004904447106183116,0.0020877700233235923
2019Q3,NG5,SM6,0.0007056639389562996,0.003003934972478434
2019Q4,NG5,SM6,0.0006144069296808639,0.0026154637661252827
2020Q1,NG5,SM6,0.00011396784854825193,0.00048514878980293293
2021Q3,NG5,SM6,0.00038153409361200877,0.0016241493205520735
2022Q1,NG5,SM6,0.0005774584491012938,0.0024581780854129173
2023Q2,NG5,SM6,0.00030019139313780866,0.001277882253154968
2023Q3,NG5,SM6,0.0004141992725425932,0.001763201449979258
2019Q1,NG7,SM6,0.0010931253145713984,0.003709988064300288
2019Q2,NG7,SM6,0.0016277381376009813,0.005524425225367503
2019Q3,NG7,SM6,0.0005279182380121507,0.0017917162248863028
2019Q4,NG7,SM6,0.0009777608782584998,0.003318449531562714
2020Q2,NG7,SM6,0.0008681203121355059,0.002946337399259821
2021Q1,NG7,SM6,0.0004762025687524879,0.001616196992888754
2021Q2,NG7,SM6,0.0016754872652378155,0.005686482302677861
2021Q4,NG7,SM6,0.0010950667442264537,0.0037165771357927525
2022Q1,NG7,SM6,0.0010103300343683069,0.003428986886082853
2022Q2,NG7,SM6,0.0008776266228602594,0.0029786011286367163
2022Q3,NG7,SM6,0.0007247390375246541,0.002459711748605129
2022Q4,NG7,SM6,0.002390786937887891,0.008114157531267903
2023Q1,NG7,SM6,0.0014200721103602382,0.0048196217850356
2023Q2,NG7,SM6,0.0013631514012495214,0.004626437025157392
2023Q3,NG7,SM6,0.000621324435467872,0.0021087300869504838
2021Q2,NG8,SM6,0.004352270306228428,0.003935493355895844
2022Q2,NG8,SM6,0.0012424737946263506,0.001123493491805668
2022Q3,NG8,SM6,0.002437268858774851,0.0022038740072080547
2019Q1,NG9,SM6,0.0008075605288478089,0.0027232178059632605
2019Q2,NG9,SM6,0.0006503168273586282,0.0021929679578412166
2019Q3,NG9,SM6,0.0003499282972400897,0.0011800118205556875
2019Q4,NG9,SM6,0.0004872954515672744,0.0016432349069440402
2020Q1,NG9,SM6,0.0005777168966228631,0.0019481498704918847
2020Q3,NG9,SM6,0.002362917188805493,0.007968118713965088
2022Q2,NG9,SM6,0.0005495191509032178,0.0018530627525747663
2023Q1,NG9,SM6,0.000953114125480697,0.0032140468298114218
2019Q1,NN1,SM6,0.0004081929082482615,0.0013393423855243359
2019Q2,NN1,SM6,0.0008863943885715037,0.0029083934358376967
2019Q3,NN1,SM6,0.0008695674024051138,0.00285318156091808
2019Q4,NN1,SM6,0.0005361784110549709,0.0017592820884880505
2020Q1,NN1,SM6,0.0004919469813686267,0.0016141521086324721
2023Q1,NN1,SM6,0.0012651746944569086,0.004151228644933607
2023Q2,NN1,SM6,0.0004941801924956477,0.0016214796105508162
2023Q3,NN1,SM6,0.0005268820205494652,0.0017287792316651755
2019Q3,NN2,SM6,0.0006810520587218112,0.0011859760663031774
2019Q2,NN3,SM6,0.000519921415634821,0.0014573776489841762
2019Q3,NN3,SM6,0.0007011248805218525,0.0019653041773084736
2019Q4,NN3,SM6,0.0005976553108827132,0.0016752714269591266
2020Q1,NN3,SM6,0.00019861050764457576,0.000556719738772807
2020Q3,NN3,SM6,0.0002305470610623751,0.0006462402273256021
2022Q3,NN3,SM6,0.0009324825140059992,0.002613816498252167
2019Q4,NN5,SM6,0.0009346151572348877,0.002883684417740955
2020Q1,NN8,SM6,0.00019645698900149552,0.0006164758009286068
2021Q3,NN8,SM6,0.0010601219534573467,0.003326629068587843
2022Q1,NN8,SM6,0.0007409178122933948,0.0023249765970523176
2020Q3,NP16,SM6,0.0011800123658005552,0.0014086980432165713
2021Q4,NP16,SM6,0.002696899229579656,0.0032195566568352925
2019Q1,NP44,SM6,0.0003713493386248312,0.00135910960000173
2019Q1,NR1,SM6,0.001707530200792775,0.005319198369313411
2019Q4,NR1,SM6,0.0008403082073953936,0.0026176790574029218
2019Q1,NR2,SM6,0.0007561748897635496,0.0025479825856679736
2019Q2,NR2,SM6,0.000808854438786246,0.002725489899581352
2019Q4,NR2,SM6,0.0011921424087475414,0.004017004714444867
2020Q1,NR2,SM6,0.00048077463620073635,0.0016200027496990571
2021Q3,NR2,SM6,0.0004242347298256568,0.0014294876998221062
2023Q1,NR2,SM6,0.001251632369867892,0.0042174601739009675
2019Q2,NR31,SM6,0.0006208756531263722,0.0013891580381009867
2021Q3,NR5,SM6,0.000997558086758978,0.0013267322659439296
2019Q3,NW1,SM6,0.00443757828127795,0.02854760665982653
2019Q4,NW1,SM6,0.004062557364443711,0.026135040853796795
2020Q1,NW1,SM6,0.003737565136771593,0.024044317108769683
2020Q3,NW1,SM6,0.003983108344838915,0.025623933394407168
2021Q2,NW1,SM6,0.002981563302188107,0.019180843916904926
2021Q3,NW1,SM6,0.003980794981520794,0.025609051181208674
2022Q1,NW1,SM6,0.0026891170943274226,0.017299493598784924
2022Q2,NW1,SM6,0.0031285943173535945,0.020126716490116308
2022Q3,NW1,SM6,0.002303765509240504,0.014820469054426019
2022Q4,NW1,SM6,0.003655811583479662,0.023518384238522014
2023Q1,NW1,SM6,0.0025681246609372786,0.016521131127567316
2023Q2,NW1,SM6,0.0023373710847701605,0.0150366587621874
2023Q3,NW1,SM6,0.0018410751863542508,0.011843912810045584
2019Q1,NW10,SM6,0.006670352671605888,0.022513380428899804
2019Q2,NW10,SM6,0.0065639053234608155,0.022154105625539128
2019Q3,NW10,SM6,0.0029204271741132704,0.009856853336343887
2019Q4,NW10,SM6,0.0026326070084252,0.008885419709928975
2020Q1,NW10,SM6,0.003787808972698082,0.012784389160914
2021Q2,NW10,SM6,0.005499919900997624,0.018563004859805464
2021Q3,NW10,SM6,0.004185072158937522,0.014125208407290098
2022Q3,NW10,SM6,0.00548245075516765,0.018504044030416
2023Q3,NW10,SM6,0.0028057838009015327,0.009469915793182949
2019Q1,NW11,SM6,0.002549909862142664,0.004885910116343411
2019Q2,NW11,SM6,0.0020865944180923977,0.00399814633741471
2019Q3,NW11,SM6,0.001882965664801638,0.0036079710608479905
2019Q4,NW11,SM6,0.000848754525472082,0.00162630780948926
2020Q2,NW11,SM6,0.0015518651340832672,0.002973545720336464
2020Q3,NW11,SM6,0.0042958581885093215,0.008231340759620958
2020Q4,NW11,SM6,0.0017324600336388512,0.00331958557837176
2021Q4,NW11,SM6,0.0018953274627521765,0.003631657636816593
2022Q2,NW11,SM6,0.002722737876654984,0.005217067761180211
2022Q4,NW11,SM6,0.001573209245652542,0.003014443405462106
2023Q2,NW11,SM6,0.0011568508470546795,0.0022166545338098177
2023Q3,NW11,SM6,0.001101830470564994,0.002111229389930384
2019Q1,NW2,SM6,0.002406196599369732,0.006440419767500988
2019Q2,NW2,SM6,0.0027609409821701897,0.007389927690501319
2019Q3,NW2,SM6,0.005114146631321404,0.01368851201389296
2019Q4,NW2,SM6,0.0019121944611291786,0.005118174886452788
2020Q1,NW2,SM6,0.001650741314676579,0.004418370052080686
2020Q2,NW2,SM6,0.0015040983567230512,0.004025865879555422
2020Q3,NW2,SM6,0.003455892783053573,0.009250033933292169
2021Q2,NW2,SM6,0.0035674348072219867,0.009548587034709358
2022Q1,NW2,SM6,0.002039440651561791,0.005458761719804666
2022Q2,NW2,SM6,0.0033503989850815056,0.00896766949890388
2022Q3,NW2,SM6,0.002108984641896626,0.005644902989466793
2022Q4,NW2,SM6,0.0017195637622371132,0.004602580042167433
2023Q1,NW2,SM6,0.0046471599034245345,0.012438576512240515
2023Q3,NW2,SM6,0.0015068571967424373,0.0040332501838142186
2020Q1,NW3,SM6,0.0018676652168271922,0.007447184449677219
2020Q2,NW3,SM6,0.0012218949710797473,0.004872220752294412
2020Q3,NW3,SM6,0.0024900730871439077,0.009928992308718285
2021Q1,NW3,SM6,0.0009310618876689152,0.00371254416962064
2021Q2,NW3,SM6,0.0022841707856343,0.009107971279821013
2021Q4,NW3,SM6,0.002887831774202943,0.011515027258826877
2022Q1,NW3,SM6,0.002975355209962943,0.011864020838565692
2022Q2,NW3,SM6,0.002316023390184977,0.009234981313072314
2022Q3,NW3,SM6,0.0019653883238118274,0.007836848505179867
2022Q4,NW3,SM6,0.0014883257684461652,0.005934594925773425
2023Q2,NW3,SM6,0.0009014885392578217,0.003594622510841705
2023Q3,NW3,SM6,0.0011487308489991225,0.004580483931731496
2019Q1,NW4,SM6,0.0029671563597430325,0.005296136619089785
2019Q2,NW4,SM6,0.0021703285846770104,0.0038738628165051188
2020Q1,NW4,SM6,0.0011546190077457337,0.002060902516289663
2020Q4,NW4,SM6,0.001143958146503387,0.0020418737322381486
2021Q2,NW4,SM6,0.0025246192360532643,0.004506243272760365
2021Q3,NW4,SM6,0.0024359272352102194,0.004347935149919857
2022Q1,NW4,SM6,0.0011941755764747991,0.0021315078254718484
2022Q3,NW4,SM6,0.0009815629974893724,0.0017520113889101586
2022Q4,NW4,SM6,0.0004979736021499707,0.0008888430233972946
2023Q1,NW4,SM6,0.000887779242023117,0.0015846148915972858
2023Q2,NW4,SM6,0.0007327671372127573,0.0013079306912542243
2023Q3,NW4,SM6,0.0015355140770282618,0.002740769729163016
2019Q4,NW5,SM6,0.0036509334149005374,0.006617075046307583
2020Q2,NW5,SM6,0.0027708018783219298,0.005021894919386172
2020Q3,NW5,SM6,0.001984409380517905,0.0035966105927575345
2021Q4,NW5,SM6,0.0027560405652952407,0.004995141017033147
2022Q1,NW5,SM6,0.0014755358356891165,0.0026743109908338464
2022Q2,NW5,SM6,0.0018708005488369066,0.003390702108618016
2022Q3,NW5,SM6,0.0011205121542319188,0.0020308540781904067
2022Q4,NW5,SM6,0.0046494375189989065,0.008426797613117258
2023Q1,NW5,SM6,0.0042598767527106856,0.007720744521295404
2023Q3,NW5,SM6,0.0013890050814073965,0.0025174797288450984
2019Q1,NW6,SM6,0.004869373197590096,0.011905656954117216
2019Q2,NW6,SM6,0.0032756372328963572,0.008008959596750279
2019Q3,NW6,SM6,0.0024620073884989856,0.00601962802943049
2019Q4,NW6,SM6,0.0013809311741426586,0.003376387918824041
2020Q1,NW6,SM6,0.0008448303720949811,0.002065617110547202
2020Q3,NW6,SM6,0.0026044193280271646,0.006367826376402973
2022Q2,NW6,SM6,0.0033017034965424612,0.008072691822737737
2022Q4,NW6,SM6,0.0021918428787480572,0.0053590736123109136
2023Q1,NW6,SM6,0.0017841916058441481,0.004362362944394737
2023Q2,NW6,SM6,0.0011246129149559698,0.0027496876966140236
2023Q3,NW6,SM6,0.0011159009284432346,0.002728386818944418
2019Q1,NW8,SM6,0.0046847539904094964,0.017750560984316488
2019Q2,NW8,SM6,0.0053035822030647,0.0200953047958462
2019Q3,NW8,SM6,0.0036057211101971904,0.01366209892558265
2019Q4,NW8,SM6,0.003644518741301426,0.013809103382673157
2020Q2,NW8,SM6,0.0011863709940864592,0.0044951668163721705
2020Q3,NW8,SM6,0.004852447306302834,0.018385951964615704
2021Q1,NW8,SM6,0.0029175728642243763,0.01105470109180159
2021Q2,NW8,SM6,0.002498189660924166,0.009465655617649027
2021Q4,NW8,SM6,0.002327123289776402,0.008817484110748048
2022Q2,NW8,SM6,0.002023833152655167,0.007668315961057949
2023Q1,NW8,SM6,0.0009631796757403099,0.003649493571718608
2019Q2,NW9,SM6,0.003471851564429289,0.013641082059615306
2019Q3,NW9,SM6,0.0016067957460977073,0.006313182524887879
2019Q4,NW9,SM6,0.0016529425301645751,0.0064944955956115595
2020Q2,NW9,SM6,0.0016951280927921194,0.0066602448250513155
2020Q3,NW9,SM6,0.002196323803954453,0.008629468363850997
2020Q4,NW9,SM6,0.002338450694355887,0.009187892172837372
2021Q2,NW9,SM6,0.0015621380343237242,0.006137720095230783
2021Q4,NW9,SM6,0.0014893180620979055,0.005851606706372642
2022Q3,NW9,SM6,0.0013143882102153554,0.005164298386900041
2022Q4,NW9,SM6,0.0015817272863320592,0.006214687266543622
2023Q2,NW9,SM6,0.0011345285170524793,0.004457620469333212
2023Q3,NW9,SM6,0.0018106540800973642,0.007114152327605493
2019Q1,OX1,SM6,0.0008679661208662881,0.0017788220936036353
2019Q2,OX1,SM6,0.0011050243093887482,0.0022646525114919953
2019Q4,OX1,SM6,0.0015585474169291453,0.0031941092083126715
2020Q1,OX1,SM6,0.0005990063802580858,0.0012276121818546992
2021Q3,OX1,SM6,0.0008427996488473013,0.0017272455684729634
2023Q1,OX1,SM6,0.0013902535643968898,0.00284920539708642
2023Q2,OX1,SM6,0.0007688800663862464,0.0015757537264867302
2019Q2,OX11,SM6,0.0010452997203595454,0.002758151245341413
2019Q3,OX11,SM6,0.0007755414816745883,0.002046361117133879
2020Q3,OX11,SM6,0.000943949326318465,0.0024907258264920736
2022Q2,OX11,SM6,0.0004910801165813775,0.0012957749903974366
2022Q3,OX11,SM6,0.0004537303005955503,0.0011972229297127286
2019Q2,OX14,SM6,0.0009088199263167172,0.0022857261797997915
2019Q3,OX14,SM6,0.0006810277350435957,0.0017128177739980845
2023Q3,OX14,SM6,0.00024665065644395795,0.0006203383600793621
2019Q1,OX16,SM6,0.0014553369035605586,0.006709549256563896
2019Q3,OX16,SM6,0.0005946846566161604,0.0027416785666102518
2019Q4,OX16,SM6,0.0005319721428453387,0.002452554653708141
2020Q3,OX16,SM6,0.0004659083906176084,0.0021479805042030104
2021Q3,OX16,SM6,0.00035056171990593174,0.001616196992888754
2022Q3,OX16,SM6,0.0007613225247400041,0.003509930221227353
2022Q4,OX16,SM6,0.0006158023871865314,0.0028390377781454612
2021Q3,OX17,SM6,0.029308417123804286,0.005767028021439196
2019Q4,OX2,SM6,0.0006152231150604857,0.0010807781317855524
2020Q1,OX2,SM6,0.0006042294818487043,0.001061465336031777
2020Q3,OX2,SM6,0.0006866817309370649,0.0012063113041850938
2021Q2,OX2,SM6,0.0010341775430753439,0.0018167660570257585
2019Q2,OX26,SM6,0.0004202107670079803,0.0011963140922654925
2019Q4,OX26,SM6,0.0007073411572084383,0.002013756573714269
2020Q1,OX26,SM6,0.0006137858518335548,0.0017474103993335235
2020Q3,OX26,SM6,0.0005984826061047137,0.0017038430042066238
2021Q2,OX26,SM6,0.0008173569289800543,0.002326964678968148
2021Q2,OX28,SM6,0.0004366885982985935,0.0011691057711888495
2020Q1,OX3,SM6,0.0005748526844278147,0.0008723135423256809
2020Q3,OX3,SM6,0.002035024170666025,0.003088059238688262
2021Q3,OX3,SM6,0.002824889801590771,0.004286645424571846
2022Q3,OX3,SM6,0.0025540273919717267,0.00387562368905914
2022Q4,OX3,SM6,0.0004281542621921824,0.0006497051700931913
2019Q1,OX4,SM6,0.0006075743642399513,0.002827109286650483
2019Q4,OX4,SM6,0.00048116676660870614,0.002238921051267112
2020Q1,OX4,SM6,0.0005058379162767646,0.002353718581321172
2020Q3,OX4,SM6,0.001032257504171712,0.00480320590864489
2020Q4,OX4,SM6,0.0006975550887343893,0.003245799338124246
2021Q2,OX4,SM6,0.0010354192200371383,0.004817917714822031
2021Q3,OX4,SM6,0.0015164761200713705,0.007056327545025072
2021Q4,OX4,SM6,0.000738474284027478,0.003436200783320293
2022Q1,OX4,SM6,0.00023042682886406378,0.001072200978377258
2022Q3,OX4,SM6,0.0009092679777463334,0.004230922328588158
2022Q4,OX4,SM6,0.0006160462978716348,0.002866530110924366
2023Q1,OX4,SM6,0.00036776004695691813,0.0017112273084654206
2023Q2,OX4,SM6,0.00017065941235005358,0.0007940967195228898
2023Q3,OX4,SM6,0.0005824271260825041,0.0027100964653187835
2021Q3,OX9,SM6,0.0014584590759038106,0.002042214546280863
2019Q2,PE1,SM6,0.001511919712034401,0.0037830358741219212
2022Q2,PE1,SM6,0.000193893487394682,0.00048514878980293293
2020Q1,PE19,SM6,0.0007846539844372653,0.0018490865887431066
2023Q3,PE19,SM6,0.00035403796035433146,0.0008343127765631049
2019Q3,PE2,SM6,0.0003824406771491352,0.0011560980352252773
2022Q1,PE2,SM6,0.0007770951036299138,0.002349117591744537
2022Q2,PE2,SM6,0.0009850482787888328,0.002977749093529932
2023Q1,PE2,SM6,0.0008075543154246736,0.002441194185617685
2019Q4,PE21,SM6,0.0005520711187628215,0.0016164242022505633
2021Q4,PE29,SM6,0.0006145763461539803,0.0013381495363748385
2020Q3,PE3,SM6,0.0006226386936640872,0.0014445971223824132
2021Q4,PE3,SM6,0.0005898811216240374,0.001368595590857261
2022Q3,PE3,SM6,0.0006095895263267581,0.001414321474921347
2023Q2,PE3,SM6,0.000661516888282622,0.0015347992390206356
2023Q3,PE3,SM6,0.0008911136824467385,0.0020674915877821275
2019Q3,PE30,SM6,0.0008470259718425579,0.003509419000163284
2019Q4,PE30,SM6,0.0005808111502696527,0.002406431153260889
2022Q1,PE30,SM6,0.0010996956165839646,0.004556286134698824
2022Q2,PE7,SM6,0.0009813610774426695,0.0020528933862858914
2020Q1,PE8,SM6,0.005448026818413445,0.0014313621770570314
2021Q4,PE8,SM6,0.004997033368545973,0.0013128724948735732
2019Q4,PL25,SM6,0.0010383186419446653,0.0027233882129846176
2020Q1,PL25,SM6,0.0007995995598682017,0.0020972560141791228
2019Q4,PL3,SM6,0.0005849382784182393,0.0016976515490973252
2023Q3,PL3,SM6,0.0004463121926272137,0.0012953205716738185
2019Q1,PL4,SM6,0.0005978655454988165,0.001543035578386216
2019Q2,PL4,SM6,0.000750165548254267,0.0019361077743160011
2019Q4,PL4,SM6,0.0007408558804557762,0.0019120803843046864
2020Q1,PL4,SM6,0.0006601500841979386,0.0017037862018661715
2022Q2,PL4,SM6,0.0007806035401344386,0.002014665411161506
2022Q3,PL4,SM6,0.0002302767238194043,0.0005943228881522171
2019Q4,PL6,SM6,0.0006382161457923718,0.0020267643096778423
2019Q3,PO1,SM6,0.0016823146185135935,0.0053717405342317715
2019Q4,PO1,SM6,0.00256396922846138,0.008186921329387276
2020Q1,PO1,SM6,0.001808156000058975,0.005773560290591208
2020Q3,PO1,SM6,0.0005964746286707145,0.0019045824753649852
2021Q4,PO1,SM6,0.001133693158680464,0.0036199563546834225
2022Q1,PO1,SM6,0.0006953474585589289,0.002220289883598764
2022Q2,PO1,SM6,0.0007900575964367362,0.0025227055441667087
2022Q4,PO1,SM6,0.0008532807050050549,0.002724581062134116
2023Q1,PO1,SM6,0.0011921131610829285,0.0038064952407287135
2023Q2,PO1,SM6,0.0006153312676922163,0.0019647929562444035
2023Q3,PO1,SM6,0.0006080732405971478,0.0019416176013398727
2019Q2,PO11,SM6,0.005684854145710525,0.0021183864848273713
2019Q3,PO11,SM6,0.005567327933817383,0.002074591880338663
2019Q4,PO11,SM6,0.004667513110464318,0.0017392876646488474
2019Q1,PO12,SM6,0.001531513681698774,0.0031938819989508612
2019Q3,PO12,SM6,0.0012245735863892573,0.002553776424394106
2019Q2,PO13,SM6,0.0013887155501241429,0.0021808690593248807
2019Q3,PO13,SM6,0.001479755739728312,0.0023238405502432717
2020Q3,PO13,SM6,0.0021805879660971557,0.0034244426988466713
2021Q3,PO13,SM6,0.0014083559247586538,0.002211712730190469
2019Q1,PO14,SM6,0.0009879572091465246,0.0012193758424891186
2019Q2,PO14,SM6,0.0014494671962579676,0.0017889897125445934
2020Q3,PO14,SM6,0.001902877287305229,0.0023486063706804673
2019Q2,PO15,SM6,0.0022722788690365146,0.002723672224686879
2019Q4,PO15,SM6,0.0025764183013926426,0.003088229645709618
2019Q4,PO16,SM6,0.0010659811375558137,0.002634946968900416
2023Q2,PO16,SM6,0.0010065097401255638,0.002487942511809912
2019Q2,PO18,SM6,0.008417343208579052,0.002387118357507113
2019Q3,PO18,SM6,0.010240416566924957,0.002904133260303776
2020Q3,PO18,SM6,0.010401853298063916,0.002949915946708315
2020Q4,PO18,SM6,0.014504469382331013,0.004113398286192388
2022Q2,PO18,SM6,0.007705499359363348,0.002185242839539707
2019Q1,PO19,SM6,0.0036959793184763476,0.011797050879172452
2019Q2,PO19,SM6,0.002506014423930938,0.007998848780149772
2019Q4,PO19,SM6,0.0019425219923744773,0.006200259472068744
2020Q1,PO19,SM6,0.001489293554815106,0.0047536174654300494
2021Q2,PO19,SM6,0.0012923986501050036,0.0041251563706660105
2021Q4,PO19,SM6,0.0011018035281377954,0.00351680330442208
2022Q1,PO19,SM6,0.0010733299338196317,0.00342591955969843
2022Q2,PO19,SM6,0.0008726266858694746,0.002785302764077604
2022Q3,PO19,SM6,0.0006317222819413606,0.0020163694813750744
2022Q4,PO19,SM6,0.00224548103591974,0.007167262515928376
2023Q2,PO19,SM6,0.002002654664375149,0.0063921945804570005
2023Q3,PO19,SM6,0.0007944666694661152,0.002535826884811185
2019Q2,PO2,SM6,0.004188214120440667,0.00837754998394513
2019Q3,PO2,SM6,0.0030241776355472987,0.006049165246465676
2019Q4,PO2,SM6,0.002313675504542149,0.0046279706883496025
2020Q1,PO2,SM6,0.0009614496662446584,0.0019231568406928813
2020Q3,PO2,SM6,0.0009249874465719721,0.001850222635552152
2021Q1,PO2,SM6,0.0010676558201199284,0.002135597593984413
2021Q3,PO2,SM6,0.0011567951562200546,0.002313900140664123
2021Q4,PO2,SM6,0.0027017255293297336,0.005404174670630024
2022Q1,PO2,SM6,0.002146074242464116,0.00429272327500024
2022Q2,PO2,SM6,0.0020397828964868066,0.004080112114687352
2022Q3,PO2,SM6,0.0014787645071927325,0.002957925076712086
2022Q4,PO2,SM6,0.0007412848772085703,0.001482768295166346
2023Q1,PO2,SM6,0.002567065213373441,0.005134817972205307
2023Q2,PO2,SM6,0.002068492634873945,0.004137539280884608
2019Q1,PO20,SM6,0.001675323977792008,0.0011270720392541616
2019Q2,PO20,SM6,0.0053092453909655895,0.0035717879699798875
2019Q3,PO20,SM6,0.007778494949000432,0.00523297241650685
2019Q4,PO20,SM6,0.002430916875547309,0.0016353961839616251
2021Q4,PO20,SM6,0.005873006009840565,0.003951057197179769
2023Q1,PO20,SM6,0.009063653010988746,0.006097560840531019
2023Q2,PO20,SM6,0.00450240152785802,0.00302898480461789
2023Q3,PO20,SM6,0.018706855653242704,0.012585012945926495
2019Q1,PO21,SM6,0.004372907138608407,0.003980196797831789
2019Q2,PO21,SM6,0.005672404011026993,0.005162991933069639
2019Q3,PO21,SM6,0.004903364969639381,0.004463016691676178
2019Q4,PO21,SM6,0.004669713896771149,0.004250348729022838
2020Q1,PO21,SM6,0.002081017274536341,0.0018941308447217656
2020Q4,PO21,SM6,0.004245160411535417,0.0038639224069259696
2021Q4,PO21,SM6,0.0045659313823000315,0.0041558864368506955
2022Q1,PO21,SM6,0.0034256342659943857,0.003117994072106614
2022Q2,PO21,SM6,0.004504710307918691,0.004100163340867007
2022Q4,PO21,SM6,0.0034230131802410572,0.0031156083738076183
2023Q1,PO21,SM6,0.005592897743175999,0.005090625751333433
2023Q2,PO21,SM6,0.007693573160862309,0.007002649333297667
2023Q3,PO21,SM6,0.005684261303720627,0.0051737843777555715
2019Q1,PO22,SM6,0.002779827405747295,0.007238492650855538
2019Q2,PO22,SM6,0.007447637375979635,0.019393171065515552
2019Q3,PO22,SM6,0.003276598332517309,0.008532052349975335
2019Q4,PO22,SM6,0.00791037841447137,0.02059811911352979
2020Q1,PO22,SM6,0.004434836119711821,0.011548029418629651
2020Q2,PO22,SM6,0.0023134434240873075,0.006024058611985767
2020Q3,PO22,SM6,0.0077776618501860855,0.020252533674218108
2020Q4,PO22,SM6,0.00280711675846276,0.00730955237876134
2021Q1,PO22,SM6,0.001534028098329059,0.003994510987625764
2021Q2,PO22,SM6,0.0019173006220786371,0.004992528109372343
2021Q4,PO22,SM6,0.0037897515965289795,0.009868270606774796
2022Q2,PO22,SM6,0.004064521130345128,0.010583752887111728
2022Q4,PO22,SM6,0.0026261693717523024,0.006838376964709671
2023Q1,PO22,SM6,0.006035244314214471,0.015715389928251708
2023Q2,PO22,SM6,0.001168424939647049,0.0030425037616455325
2023Q3,PO22,SM6,0.002599447183841475,0.006768794097655626
2019Q2,PO3,SM6,0.004704417206582256,0.003679882823860579
2020Q3,PO3,SM6,0.0015895852780329336,0.001243403232500433
2022Q1,PO3,SM6,0.0035433446158801736,0.002771670202369057
2019Q2,PO30,SM6,0.0011279806122409936,0.0035988258840351744
2019Q3,PO30,SM6,0.0008698822973640628,0.002775362354498455
2019Q4,PO33,SM6,0.0028189286757579674,0.003968893132081785
2022Q1,PO33,SM6,0.0012778616166126324,0.0017991573314855515
2022Q2,PO33,SM6,0.0015773768228301034,0.0022208579070032864
2023Q3,PO33,SM6,0.0012474017592992985,0.0017562715644440796
2021Q2,PO4,SM6,0.0061850047267578406,0.001991830870299689
2019Q1,PO5,SM6,0.0019554370091719297,0.0019667810381602327
2019Q2,PO5,SM6,0.002914434145713403,0.0029313415813804183
2019Q4,PO5,SM6,0.0034884431496476557,0.003508680569737404
2020Q1,PO5,SM6,0.002537126574355204,0.0025518451448187287
2020Q3,PO5,SM6,0.0024504943614434426,0.002464710354564929
2020Q4,PO5,SM6,0.0015811790724273118,0.0015903519279829663
2021Q2,PO5,SM6,0.0026072116957525284,0.002622336849320009
2021Q3,PO5,SM6,0.002274236775721404,0.0022874302500133603
2023Q1,PO5,SM6,0.0017075130100307088,0.0017174187635747196
2023Q2,PO5,SM6,0.0016269235916310453,0.001636361823749314
2023Q3,PO5,SM6,0.0015442446087739275,0.0015532031973271743
2019Q4,PO6,SM6,0.0018243826937811426,0.004276250596269078
2020Q1,PO6,SM6,0.0010338564414554565,0.0024233014483752164
2020Q3,PO6,SM6,0.0007557994162512955,0.001771551394025743
2021Q2,PO6,SM6,0.0012840447566208526,0.0030097288112045663
2022Q2,PO6,SM6,0.0010937862848692515,0.0025637736363137075
2022Q3,PO6,SM6,0.0004288388633443288,0.0010051742166435663
2022Q4,PO7,SM6,0.00035191294315407433,0.001259535097188881
2023Q1,PO7,SM6,0.0012282196568365567,0.004395933127602034
2023Q3,PO7,SM6,0.0010205380128339313,0.0036526177004434844
2019Q3,PO9,SM6,0.00337919734016818,0.011834994842594577
2019Q4,PO9,SM6,0.0022070835733388684,0.007729889698108222
2020Q1,PO9,SM6,0.0011106455064683995,0.0038898242741722093
2020Q3,PO9,SM6,0.003130956392124878,0.010965578219631962
2021Q1,PO9,SM6,0.0006192075758098282,0.0021686565561276397
2021Q3,PO9,SM6,0.000940496820598657,0.003293910920487329
2022Q1,PO9,SM6,0.0006258896136115947,0.00219205912039398
2022Q2,PO9,SM6,0.0005975720456458557,0.002092882233964297
2023Q1,PO9,SM6,0.00040139260571825966,0.001405801123853505
2023Q2,PO9,SM6,0.00025776123005698417,0.0009027595968081037
2023Q3,PO9,SM6,0.0009928016067896703,0.0034770984684459353
2019Q1,RG1,SM6,0.0009181170492460088,0.004522659149151074
2019Q2,RG1,SM6,0.0018683597198632558,0.009203569618802202
2019Q3,RG1,SM6,0.0009366359824557033,0.0046138837079174365
2019Q4,RG1,SM6,0.0013919872611092704,0.006856951330037568
2020Q1,RG1,SM6,0.0005956500709090796,0.002934181698403032
2021Q1,RG1,SM6,0.00047179461536404275,0.002324067759605081
2021Q2,RG1,SM6,0.0006266917696640597,0.003087093598900573
2021Q4,RG1,SM6,0.000677382448611642,0.0033367966875288016
2022Q1,RG1,SM6,0.0010204670188408088,0.005026836723005521
2022Q2,RG1,SM6,0.0009303745996830608,0.0045830400370518495
2022Q3,RG1,SM6,0.0007543409543660014,0.003715895507707325
2023Q1,RG1,SM6,0.0006490620874889707,0.0031972901393779985
2023Q2,RG1,SM6,0.0006706136978058571,0.003303453713683313
2023Q3,RG1,SM6,0.0011913232040014839,0.005868477001486971
2019Q1,RG12,SM6,0.001574963923521962,0.008417936448006702
2019Q2,RG12,SM6,0.0016842465272560207,0.00900203491487751
2019Q3,RG12,SM6,0.001825305362164332,0.009755972379700635
2019Q4,RG12,SM6,0.0016051247743823392,0.008579141490210277
2020Q1,RG12,SM6,0.002369677900438153,0.012665558664687831
2020Q2,RG12,SM6,0.0013311690261516116,0.007114890758031373
2020Q3,RG12,SM6,0.0025834713594791005,0.013808251347566369
2020Q4,RG12,SM6,0.0011347196504806908,0.006064899494770958
2021Q2,RG12,SM6,0.0016612804952936266,0.00887928505716013
2023Q1,RG12,SM6,0.0013029317531649935,0.006963966939449663
2023Q2,RG12,SM6,0.0009897817773186664,0.0052902291756827475
2023Q3,RG12,SM6,0.0010418352824328764,0.005568447039218021
2019Q1,RG14,SM6,0.00035065641109791013,0.0016170490279955386
2019Q3,RG14,SM6,0.0006141414219801426,0.002832107892610284
2019Q4,RG14,SM6,0.0008817528167923244,0.0040661955412765426
2020Q3,RG14,SM6,0.0003901218860577845,0.0017990437268046472
2021Q3,RG14,SM6,0.0004443438026537168,0.0020490876294755886
2021Q4,RG14,SM6,0.00036389779236565824,0.0016781115439817409
2022Q1,RG14,SM6,0.0002870608283208092,0.0013237785442404108
2022Q2,RG14,SM6,0.0004504286792548959,0.0020771479856590155
2022Q2,RG19,SM6,0.004362509501152267,0.0033237321492247764
2019Q1,RG2,SM6,0.0012274329100395395,0.00195723824496425
2019Q2,RG2,SM6,0.0009657524922100576,0.001539968252001793
2019Q3,RG2,SM6,0.000771967919246216,0.001230963519941384
2019Q4,RG2,SM6,0.0008280728277789457,0.0013204272061537266
2021Q2,RG2,SM6,0.0013728425840907163,0.0021891053986904615
2021Q3,RG2,SM6,0.0017855966000708695,0.0028472741175110425
2021Q4,RG2,SM6,0.0021492632738554025,0.0034271692111883805
2022Q4,RG2,SM6,0.0008482705948507285,0.00135263413319017
2019Q1,RG21,SM6,0.0012912321517817358,0.0044784669282791996
2019Q2,RG21,SM6,0.003176549337185765,0.011017438756464895
2019Q3,RG21,SM6,0.002118316434841503,0.007347098725800298
2019Q4,RG21,SM6,0.001845422184938036,0.006400601326843939
2020Q1,RG21,SM6,0.0007821614643905473,0.002712822977660493
2020Q2,RG21,SM6,0.0007700914252512053,0.002670959652747162
2020Q3,RG21,SM6,0.0013530890552136145,0.004693009368167465
2021Q2,RG21,SM6,0.0012987165586836073,0.0045044255978658925
2021Q4,RG21,SM6,0.0009671753479144904,0.0033545190177499125
2022Q1,RG21,SM6,0.000484701327500631,0.0016811220680257113
2022Q2,RG21,SM6,0.0009519444979828924,0.0033016928411292914
2022Q4,RG21,SM6,0.0007806056248814055,0.0027074267553175266
2023Q2,RG21,SM6,0.0016822228090580592,0.005834566004236958
2023Q3,RG21,SM6,0.0013802097944466546,0.004787074043956442
2019Q3,RG22,SM6,0.0009027341822144844,0.0021812098733675943
2021Q3,RG22,SM6,0.000982522719048754,0.0023739970168626364
2021Q4,RG22,SM6,0.00028231601026598285,0.0006821393064914438
2019Q2,RG24,SM6,0.0010383551469442553,0.0016090967003322188
2019Q3,RG24,SM6,0.0008830857173178836,0.0013684819861763562
2019Q4,RG24,SM6,0.0008355811892735544,0.0012948661529502
2021Q2,RG24,SM6,0.0024928147710175422,0.0038630135694787326
2022Q1,RG24,SM6,0.0012233882160551915,0.001895834914935334
2019Q2,RG30,SM6,0.0010595930978249193,0.003436996016086625
2019Q4,RG30,SM6,0.0007960607297220697,0.0025821775946202464
2020Q1,RG30,SM6,0.0007456447759863992,0.002418643656458129
2020Q2,RG30,SM6,0.0006126440227309577,0.001987229880723055
2020Q4,RG30,SM6,0.00045733346570363563,0.0014834499232517734
2022Q2,RG30,SM6,0.001218913815812807,0.003953783709521479
2022Q3,RG30,SM6,0.0003921552163795074,0.001272031612088383
2022Q4,RG30,SM6,0.0004555122572324617,0.0014775424798447359
2023Q1,RG30,SM6,0.004008812565832186,0.013003362183357549
2019Q1,RG4,SM6,0.0007073153010717829,0.001272031612088383
2019Q3,RG4,SM6,0.0004357787447033754,0.0007837018912201224
2021Q3,RG4,SM6,0.0008647035365473878,0.0015550776745620995
2019Q2,RG40,SM6,0.0030778661146954422,0.004267616640520331
2019Q4,RG40,SM6,0.0046578682484561245,0.00645836930708391
2020Q3,RG40,SM6,0.0015844265330151456,0.002196887319332424
2021Q2,RG40,SM6,0.0017839341660636449,0.002473514717335033
2022Q4,RG40,SM6,0.002608633993763715,0.003617002632979904
2019Q1,RG41,SM6,0.002522226139654981,0.004824904402697661
2019Q2,RG41,SM6,0.0008215897325011616,0.0015716639579741658
2019Q3,RG41,SM6,0.0026303699036424482,0.0050317785266248685
2019Q4,RG41,SM6,0.0008007151948616259,0.0015317319126362124
2020Q1,RG41,SM6,0.0014977406522591562,0.002865110052413059
2020Q4,RG41,SM6,0.0014871103756233755,0.002844774814531142
2022Q3,RG41,SM6,0.0010617805361515249,0.002031138089892668
2019Q4,RG5,SM6,0.0014169619418756467,0.0018704442687531644
2022Q3,RG5,SM6,0.0024974228547049344,0.003296694235169491
2022Q4,RG5,SM6,0.003439195427813453,0.004539870258308115
2019Q1,RG6,SM6,0.0014117181085355238,0.002655168602101428
2019Q2,RG6,SM6,0.0005637026890256622,0.0010602156845418269
2020Q1,RG6,SM6,0.0005466692940826954,0.0010281791645267405
2020Q3,RG6,SM6,0.0005478773362772321,0.0010304512581448314
2021Q3,RG6,SM6,0.001849905213548829,0.003479313759723575
2021Q4,RG6,SM6,0.001146099831011779,0.0021555920178236154
2022Q1,RG6,SM6,0.0012132669770280164,0.002281920422989489
2022Q4,RG6,SM6,0.0005107300387952303,0.0009605843793885256
2023Q3,RG6,SM6,0.001987531420561416,0.003738162025164619
2019Q1,RH1,SM6,0.14425374398302318,0.3457336366179182
2019Q2,RH1,SM6,0.15818198572364806,0.379115520066617
2019Q3,RH1,SM6,0.13351038016439504,0.3199849652838778
2019Q4,RH1,SM6,0.18063108297067795,0.4329193785711031
2020Q1,RH1,SM6,0.11073568981045803,0.2654007562262583
2020Q2,RH1,SM6,0.12076954126618925,0.28944893589417875
2020Q3,RH1,SM6,0.2051788550764741,0.4917531411249792
2020Q4,RH1,SM6,0.1992124289379214,0.4774533791254792
2021Q2,RH1,SM6,0.15495648568888098,0.3713849487404234
2021Q3,RH1,SM6,0.14713829319263624,0.35264704947436537
2021Q4,RH1,SM6,0.15344486435013865,0.3677620386640365
2022Q1,RH1,SM6,0.1274065640680071,0.30535592011677604
2022Q3,RH1,SM6,0.11932755106357246,0.2859929110940406
2022Q4,RH1,SM6,0.10552646080195158,0.2529157722018683
2023Q1,RH1,SM6,0.14872584991604376,0.3564519542495614
2023Q2,RH1,SM6,0.07189161213012613,0.17230296987645954
2023Q3,RH1,SM6,0.0718983192817679,0.17231904493880754
2019Q1,RH10,SM6,0.02250205865950661,0.09157571083503943
2019Q2,RH10,SM6,0.020607060450779213,0.0838637138741737
2019Q3,RH10,SM6,0.039612802820915005,0.16121060883293808
2019Q4,RH10,SM6,0.03383852195456584,0.1377112533784676
2020Q1,RH10,SM6,0.032880673350892495,0.13381313596258934
2020Q2,RH10,SM6,0.029592003051042388,0.12042936850522287
2020Q3,RH10,SM6,0.06532613734511057,0.2658551181475361
2020Q4,RH10,SM6,0.04309484056976826,0.17538131591493047
2021Q1,RH10,SM6,0.01979099231101333,0.08054259463260972
2021Q2,RH10,SM6,0.038952640152880406,0.1585239717342261
2021Q3,RH10,SM6,0.030936628425274882,0.12590153557737427
2021Q4,RH10,SM6,0.03448598328157308,0.140346200347368
2022Q2,RH10,SM6,0.030972136350081007,0.12604604073148487
2022Q3,RH10,SM6,0.024631975847169484,0.10024374798805756
2022Q4,RH10,SM6,0.02977463716900155,0.12117262713004096
2023Q1,RH10,SM6,0.0409048223112661,0.16646868788392485
2023Q2,RH10,SM6,0.01822801553125137,0.07418181174642284
2023Q3,RH10,SM6,0.017492231032792415,0.07118741956714039
2019Q1,RH11,SM6,0.022411255334909543,0.05303515243114537
2019Q2,RH11,SM6,0.02378606087360354,0.05628856328289021
2019Q3,RH11,SM6,0.0450372910308819,0.10657857220465776
2019Q4,RH11,SM6,0.046950655684592266,0.1111064571691304
2020Q1,RH11,SM6,0.020351567359670458,0.04816100039927559
2020Q2,RH11,SM6,0.02325297448124277,0.0550270401037855
2020Q3,RH11,SM6,0.06448314679421982,0.1525962498916474
2020Q4,RH11,SM6,0.05227290247033429,0.12370129691995516
2021Q2,RH11,SM6,0.07359441390803194,0.17415762309456698
2021Q3,RH11,SM6,0.06596755080504313,0.15610902022989734
2021Q4,RH11,SM6,0.08173372067757531,0.19341889912555232
2022Q1,RH11,SM6,0.060540770215945214,0.14326680628640295
2022Q2,RH11,SM6,0.055068167576191394,0.1303161566749851
2022Q4,RH11,SM6,0.03853317618322536,0.0911868988146436
2023Q1,RH11,SM6,0.029329232831811162,0.06940621177523776
2023Q2,RH11,SM6,0.03929786915849797,0.09299650777677236
2023Q3,RH11,SM6,0.025695128959965875,0.06080628062842194
2019Q1,RH12,SM6,0.013428041368470109,0.05478125637664849
2019Q2,RH12,SM6,0.011234318011868178,0.04583170682434889
2019Q3,RH12,SM6,0.008900803200162772,0.03631186177390838
2019Q4,RH12,SM6,0.013024400503584672,0.05313455652693687
2020Q1,RH12,SM6,0.009327041827163044,0.03805075182217407
2020Q3,RH12,SM6,0.010274560562491908,0.0419162646946327
2021Q1,RH12,SM6,0.005690626098847784,0.023215570961570904
2021Q2,RH12,SM6,0.0083661983485539,0.0341308791099026
2021Q3,RH12,SM6,0.01147154578199298,0.04679950510097485
2021Q4,RH12,SM6,0.006613695252985243,0.02698133892419533
2022Q2,RH12,SM6,0.0069560590069234285,0.028378051673576474
2022Q3,RH12,SM6,0.0074090724315495965,0.030226172622531886
2022Q4,RH12,SM6,0.005813695488455317,0.023717646848828617
2023Q1,RH12,SM6,0.011290540909847048,0.0460610746750952
2023Q2,RH12,SM6,0.006696776489300228,0.02732027848967409
2023Q3,RH12,SM6,0.006920484587820901,0.028232921693720894
2019Q1,RH13,SM6,0.007383633726059784,0.008335629856691347
2019Q2,RH13,SM6,0.01014296167036461,0.011450727009434895
2019Q3,RH13,SM6,0.010158911542875041,0.011468733351358269
2019Q4,RH13,SM6,0.010038406985580136,0.011332691745975057
2020Q1,RH13,SM6,0.007121039452772883,0.008039178441870892
2020Q2,RH13,SM6,0.005861905195442997,0.006617699872052557
2020Q3,RH13,SM6,0.024335128041114325,0.027472735971448014
2021Q3,RH13,SM6,0.014806764770481363,0.016715849550637738
2021Q4,RH13,SM6,0.027143211273944732,0.030642874592089826
2022Q2,RH13,SM6,0.013969119730879848,0.01577020418678816
2022Q3,RH13,SM6,0.01124133932620922,0.012690722101508192
2023Q1,RH13,SM6,0.009994783832688824,0.011283444116802929
2023Q2,RH13,SM6,0.01141990745724873,0.012892313607773336
2023Q3,RH13,SM6,0.013671405549036852,0.015434104738332012
2019Q1,RH14,SM6,0.0059586794918034865,0.0023167402576867373
2019Q2,RH14,SM6,0.006268841718084534,0.0024373316264669296
2019Q3,RH14,SM6,0.015885769983358312,0.006176402489078785
2020Q1,RH14,SM6,0.008064363979504259,0.0031354323906254643
2020Q2,RH14,SM6,0.007964141988346086,0.0030964659850752
2020Q3,RH14,SM6,0.02062673767297031,0.008019695239095759
2020Q4,RH14,SM6,0.033923390852676844,0.01318944665067922
2021Q1,RH14,SM6,0.003621140339426304,0.0014079028104502394
2021Q2,RH14,SM6,0.014485291838690332,0.005631895253503219
2021Q4,RH14,SM6,0.04291327424032545,0.016684721868069886
2022Q2,RH14,SM6,0.04736555584461888,0.018415773193353156
2022Q3,RH14,SM6,0.02400082934322975,0.009331545291841192
2023Q1,RH14,SM6,0.02857115667471822,0.0111084929082099
2023Q2,RH14,SM6,0.00871682959541154,0.003389111643085352
2023Q3,RH14,SM6,0.004223202767360453,0.0016419852554540898
2019Q2,RH15,SM6,0.0068361626047179,0.014712431002885782
2019Q4,RH15,SM6,0.007179909324987873,0.015452224684936287
2020Q1,RH15,SM6,0.004764075111247766,0.010252992858658095
2020Q2,RH15,SM6,0.00615943764251565,0.013256018993689294
2020Q3,RH15,SM6,0.009623905221047394,0.020712064608477063
2020Q4,RH15,SM6,0.009801981013558258,0.02109530999950861
2022Q1,RH15,SM6,0.008194152181754958,0.01763502502383655
2022Q4,RH15,SM6,0.004208653890320147,0.009057644406180293
2023Q2,RH15,SM6,0.00341693319253618,0.007353744599633215
2023Q3,RH15,SM6,0.005949346741613547,0.012803872363689135
2019Q1,RH16,SM6,0.007133954530932599,0.02032893282212643
2019Q2,RH16,SM6,0.00634429178985116,0.01807870810510932
2019Q3,RH16,SM6,0.007290930274615958,0.020776251253188147
2019Q4,RH16,SM6,0.00680423570220035,0.01938936530870525
2020Q1,RH16,SM6,0.005391095207350256,0.015362476987021685
2020Q3,RH16,SM6,0.018959879157062248,0.054028114144591695
2021Q2,RH16,SM6,0.011804496191277634,0.033638118806479066
2021Q3,RH16,SM6,0.009412524725815295,0.026821951556886228
2021Q4,RH16,SM6,0.010210180771432232,0.02909495401242472
2022Q1,RH16,SM6,0.016477868398365916,0.04695537072317592
2022Q2,RH16,SM6,0.01182793790233435,0.033704918358850935
2022Q3,RH16,SM6,0.00829954178631556,0.023650392877733118
2022Q4,RH16,SM6,0.01135609373360688,0.032360350158004994
2023Q2,RH16,SM6,0.00447818408237114,0.012761043398988115
2023Q3,RH16,SM6,0.008816355768090605,0.02512310715863941
2019Q2,RH17,SM6,0.011123849822268612,0.003277722253458429
2020Q3,RH17,SM6,0.018560505073094487,0.005468986141086077
2020Q4,RH17,SM6,0.038320644789263586,0.011291453246806698
2021Q1,RH17,SM6,0.0065155795116951494,0.001919862304946649
2021Q3,RH17,SM6,0.03004175849945443,0.008852019933743035
2021Q4,RH17,SM6,0.02972907853945652,0.008759886537529434
2022Q2,RH17,SM6,0.022417148278839418,0.006605373764174412
2022Q3,RH17,SM6,0.01224926634906752,0.0036093343170188453
2023Q1,RH17,SM6,0.014504918760865057,0.004273978502650987
2019Q1,RH19,SM6,0.015878309879991566,0.04267514396307517
2019Q2,RH19,SM6,0.03181803711636555,0.08551535552750468
2019Q3,RH19,SM6,0.04719302478636153,0.12683775175270878
2019Q4,RH19,SM6,0.029414517695431793,0.07905556616190948
2020Q1,RH19,SM6,0.0231638962278436,0.06225616036846642
2020Q2,RH19,SM6,0.018043599279885213,0.04849465734709228
2020Q3,RH19,SM6,0.04202948629980768,0.11296003114276924
2021Q2,RH19,SM6,0.0394456881280336,0.1060157178131161
2022Q1,RH19,SM6,0.02964545625468528,0.07967624533603154
2023Q1,RH19,SM6,0.016636326020394734,0.04471241670573669
2023Q2,RH19,SM6,0.011827152576670856,0.031787100938160576
2023Q3,RH19,SM6,0.015330520320433498,0.0412028841008925
2019Q1,RH2,SM6,0.07392924184676249,0.11871899323186424
2019Q3,RH2,SM6,0.13334469719233089,0.2141310773387103
2020Q1,RH2,SM6,0.08005624037668659,0.1285580106333061
2020Q2,RH2,SM6,0.0585858353731593,0.09407984201387826
2020Q3,RH2,SM6,0.1827448984504116,0.29346020357223795
2020Q4,RH2,SM6,0.07089759526301279,0.1138506350387206
2021Q1,RH2,SM6,0.05629307902577242,0.09039802791044232
2021Q2,RH2,SM6,0.09431562989478327,0.15145639732579147
2021Q3,RH2,SM6,0.08183489692536138,0.13141425952060862
2021Q4,RH2,SM6,0.08136349139230535,0.13065725472940107
2022Q1,RH2,SM6,0.0808431307112228,0.12982163549900755
2022Q2,RH2,SM6,0.06496606360302698,0.10432550737061802
2022Q3,RH2,SM6,0.0606569494101891,0.0974057326520402
2022Q4,RH2,SM6,0.04803819405088315,0.07714195211441256
2023Q1,RH2,SM6,0.047718429211172315,0.07662845895672395
2023Q2,RH2,SM6,0.030882385933794988,0.049592362576332615
2023Q3,RH2,SM6,0.037668192001287064,0.060489323568698225
2019Q1,RH20,SM6,0.004589611991136347,0.005131580238799527
2019Q2,RH20,SM6,0.0031170304038716703,0.003485107598449707
2020Q1,RH20,SM6,0.002758613820067341,0.003084367086558864
2022Q1,RH20,SM6,0.00823631656974139,0.00920890903880472
2022Q3,RH20,SM6,0.005321990938283507,0.005950442778759612
2022Q4,RH20,SM6,0.002964773210156352,0.0033148709841142212
2023Q1,RH20,SM6,0.0034669120498901558,0.003876305317144567
2023Q2,RH20,SM6,0.0020389864763978405,0.002279761934052302
2019Q4,RH3,SM6,0.22401814301543424,0.005167365713284464
2020Q4,RH3,SM6,0.11091694273670938,0.002558491018651645
2021Q1,RH3,SM6,0.0614276261393192,0.001416934382582152
2021Q2,RH3,SM6,0.30044499428261845,0.00693028315156146
2019Q1,RH4,SM6,0.04002479558236375,0.05681176964079618
2019Q3,RH4,SM6,0.03092650852318285,0.04389753032960826
2019Q4,RH4,SM6,0.052435665256751855,0.07442793628760258
2020Q1,RH4,SM6,0.02312645035149408,0.0328260157450328
2020Q2,RH4,SM6,0.03076907711097625,0.04367406992226898
2020Q3,RH4,SM6,0.051077209049643316,0.07249972403860944
2020Q4,RH4,SM6,0.0321068439332066,0.04557291536124829
2021Q1,RH4,SM6,0.014689983499499916,0.020851173540244704
2021Q2,RH4,SM6,0.032296089776705575,0.04584153362924713
2021Q3,RH4,SM6,0.044183001779507285,0.0627139872325118
2021Q4,RH4,SM6,0.04630156277651211,0.06572110313605557
2022Q1,RH4,SM6,0.026405257645933013,0.037480001905309535
2022Q2,RH4,SM6,0.045147719383489056,0.06408332125379494
2022Q3,RH4,SM6,0.01696441520076115,0.0240795345598501
2022Q4,RH4,SM6,0.03098457486256052,0.04397995052560452
2023Q1,RH4,SM6,0.0265293539370496,0.03765614596305207
2023Q3,RH4,SM6,0.02852277817097105,0.04048564094800155
2019Q1,RH5,SM6,0.01723594724491453,0.00607239740371066
2019Q2,RH5,SM6,0.062327141903926186,0.021958478365021468
2019Q3,RH5,SM6,0.041619305038679485,0.014662899362011391
2020Q1,RH5,SM6,0.020378125047954075,0.007179418216785165
2020Q3,RH5,SM6,0.05207076657617425,0.018345054279490063
2021Q4,RH5,SM6,0.041861147447451584,0.014748102872689812
2022Q4,RH5,SM6,0.037333696326965496,0.013153036350449308
2023Q1,RH5,SM6,0.026503993262151183,0.009337623142269586
2023Q3,RH5,SM6,0.03046940262465093,0.010734676705693441
2019Q1,RH6,SM6,0.05409729859553079,0.1039194842410651
2019Q2,RH6,SM6,0.0588772767165538,0.11310169617985726
2019Q3,RH6,SM6,0.058997003855172675,0.11333168885634852
2019Q4,RH6,SM6,0.06350029962597169,0.12198240129552868
2020Q1,RH6,SM6,0.04037850235887041,0.07756603838822929
2020Q2,RH6,SM6,0.03911842523239332,0.07514546345219579
2020Q3,RH6,SM6,0.09537347358324598,0.1832099280807448
2020Q4,RH6,SM6,0.061729378822838625,0.1185805091258416
2021Q1,RH6,SM6,0.03838545503923815,0.07373744703706464
2021Q2,RH6,SM6,0.07156841254927218,0.1374810334926145
2021Q3,RH6,SM6,0.05102363179434071,0.09801505135807184
2021Q4,RH6,SM6,0.06852053040228699,0.13162613225049566
2022Q1,RH6,SM6,0.039131583685513935,0.07517074049369707
2022Q2,RH6,SM6,0.0516225040438958,0.09916546915925192
2022Q3,RH6,SM6,0.033692914099962765,0.0647231996189899
2022Q4,RH6,SM6,0.03861935023965196,0.07418675355004219
2023Q1,RH6,SM6,0.051971188266813566,0.0998352823578652
2023Q2,RH6,SM6,0.020094998214666683,0.038601961733922996
2023Q3,RH6,SM6,0.037197734620145716,0.07145586742811788
2019Q3,RH7,SM6,0.009135359947244024,0.0013917141434213393
2019Q4,RH7,SM6,0.03352540262260505,0.005107382441766856
2020Q1,RH7,SM6,0.02757572960198659,0.004200987495169806
2020Q2,RH7,SM6,0.07418616230453047,0.011301791272769014
2020Q3,RH7,SM6,0.08805083556840823,0.013413986302487087
2020Q4,RH7,SM6,0.07288302843180619,0.01110326709288829
2021Q1,RH7,SM6,0.06683678554765825,0.0101821603401141
2021Q2,RH7,SM6,0.1699484184038926,0.025890563580490182
2021Q3,RH7,SM6,0.10559075649564603,0.016086082002043294
2022Q1,RH7,SM6,0.10172684338461836,0.015497439347936303
2022Q3,RH7,SM6,0.10742595675932244,0.016365663121749422
2022Q4,RH7,SM6,0.0326920680859702,0.004980429210856007
2023Q1,RH7,SM6,0.03742883853492282,0.005702046143961786
2019Q1,RH8,SM6,0.050913486968924636,0.06193267103959067
2019Q2,RH8,SM6,0.05431173839871401,0.06606640456366497
2019Q3,RH8,SM6,0.054930599890441814,0.06681920598167906
2019Q4,RH8,SM6,0.053088024201760974,0.0645778424297725
2020Q1,RH8,SM6,0.040934141120010765,0.04979349966387413
2020Q2,RH8,SM6,0.07150799079014825,0.08698443445862203
2020Q3,RH8,SM6,0.0989378952014727,0.12035098127539873
2021Q1,RH8,SM6,0.06160835493643393,0.07494222467805753
2023Q2,RH8,SM6,0.01371404163453956,0.016682165762749532
2023Q3,RH8,SM6,0.015127341408827153,0.018401345398878274
2019Q1,RH9,SM6,0.06531808208964322,0.0033417952934886017
2019Q2,RH9,SM6,0.09054512623638092,0.004632458073245332
2020Q1,RH9,SM6,0.06982679726788024,0.0035724695980653147
2020Q3,RH9,SM6,0.2743099649845363,0.014034211057885543
2020Q4,RH9,SM6,0.1075574489835186,0.005502840335995636
2021Q1,RH9,SM6,0.10911845699647138,0.0055827044266715435
2021Q2,RH9,SM6,0.055986451685042814,0.0028643716219871797
2021Q3,RH9,SM6,0.21060729303632006,0.010775063169755012
2021Q4,RH9,SM6,0.05290107382729331,0.00270651791787029
2022Q1,RH9,SM6,0.050225377304379926,0.0025696242773802927
2022Q2,RH9,SM6,0.18221271271536166,0.009322343312687923
2022Q3,RH9,SM6,0.10212278737370074,0.00522479287948172
2022Q4,RH9,SM6,0.06944931311112068,0.0035531568023115397
2023Q3,RH9,SM6,0.10986232283479168,0.005620761994774572
2019Q1,RM1,SM6,0.0012232455763494512,0.0020843050805560027
2019Q2,RM1,SM6,0.0015976465974422915,0.0027222521661755717
2020Q2,RM1,SM6,0.007544758961425859,0.012855619295841164
2020Q3,RM1,SM6,0.001537707764219522,0.00262012155804237
2020Q4,RM1,SM6,0.0007109319006166784,0.0012113667124853467
2021Q1,RM1,SM6,0.0010207936663595286,0.0017393444669892993
2021Q2,RM1,SM6,0.002553767662882925,0.004351400092687446
2021Q3,RM1,SM6,0.0015222396782265492,0.002593765272072512
2021Q4,RM1,SM6,0.0020162516746271195,0.003435519155234866
2022Q1,RM1,SM6,0.0010205936480061713,0.0017390036529465855
2022Q2,RM1,SM6,0.0049587883436523926,0.008449348142276814
2023Q1,RM1,SM6,0.0009944579165008032,0.0016944706180319975
2019Q2,RM10,SM6,0.0013978317820209814,0.0015259948762505315
2019Q3,RM10,SM6,0.0017709511458353297,0.0019333244596338398
2019Q4,RM10,SM6,0.00337529676901921,0.0036847678251394757
2020Q1,RM10,SM6,0.0027085104564713264,0.0029568458322434925
2020Q2,RM10,SM6,0.0033213919215904467,0.0036259206004309115
2020Q4,RM10,SM6,0.003116855285256016,0.003402630600112995
2021Q1,RM10,SM6,0.0009419820056470443,0.001028349571548097
2021Q2,RM10,SM6,0.0028643454159782253,0.0031269688418980746
2021Q3,RM10,SM6,0.0010314245082822231,0.0011259927947855682
2021Q4,RM10,SM6,0.0016475839708801185,0.0017986461104214809
2022Q1,RM10,SM6,0.0011974576821675365,0.0013072490631687974
2022Q3,RM10,SM6,0.0006082506432840229,0.000664019359887166
2022Q4,RM10,SM6,0.004623641459666796,0.005047569577270603
2023Q1,RM10,SM6,0.0017165259813464427,0.0018739092115207536
2023Q2,RM10,SM6,0.0031214340753851,0.003407629206072796
2023Q3,RM10,SM6,0.0012502698637700414,0.0013649034387278624
2019Q1,RM11,SM6,0.0017681416740672547,0.003072609002085241
2019Q2,RM11,SM6,0.0015922525507397279,0.002766955608111517
2019Q3,RM11,SM6,0.002235305277597641,0.003884428051829243
2019Q4,RM11,SM6,0.0009303720715984744,0.0016167650162932769
2020Q1,RM11,SM6,0.0011812780204299358,0.0020527797816049867
2020Q2,RM11,SM6,0.0013464130977484015,0.0023397452055699108
2020Q4,RM11,SM6,0.0009872802603576683,0.0017156578910206984
2021Q1,RM11,SM6,0.0016203961179549298,0.0028158624232409307
2021Q2,RM11,SM6,0.0023488274714866023,0.004081702580220016
2021Q3,RM11,SM6,0.0011154462615781166,0.0019383798679340925
2021Q4,RM11,SM6,0.0026298055246595105,0.004569975498747824
2022Q1,RM11,SM6,0.0021538164122463076,0.003742819817081706
2022Q2,RM11,SM6,0.0004647447603550963,0.0008076156765505327
2022Q3,RM11,SM6,0.002820763387227697,0.00490181477167005
2023Q2,RM11,SM6,0.0006628937783092808,0.0011519514643722607
2023Q3,RM11,SM6,0.0012089639686660284,0.0021008913639680694
2019Q2,RM12,SM6,0.001189053738958832,0.0018587997889604468
2019Q3,RM12,SM6,0.0008619585868347822,0.0013474651202090124
2019Q4,RM12,SM6,0.0008744217769234901,0.0013669483229841446
2020Q1,RM12,SM6,0.0006507020644565077,0.00101721631281945
2020Q3,RM12,SM6,0.0014508534024840238,0.002268060651919132
2020Q4,RM12,SM6,0.0007696655756822508,0.0012031871754602185
2021Q1,RM12,SM6,0.0018523280009975348,0.002895669711576386
2021Q2,RM12,SM6,0.00277409536592565,0.004336631484169853
2021Q3,RM12,SM6,0.0027226438289996717,0.004256199370089423
2021Q4,RM12,SM6,0.002010207187398223,0.0031424758808415477
2022Q1,RM12,SM6,0.0022218997397504465,0.0034734063163165373
2022Q2,RM12,SM6,0.0021256097871700497,0.0033228801141179922
2022Q3,RM12,SM6,0.0016782793697295722,0.00262358650080996
2022Q4,RM12,SM6,0.0011842937450765555,0.0018513586823611981
2023Q1,RM12,SM6,0.0010265962378316793,0.0016048365247982976
2023Q2,RM12,SM6,0.001422693133333153,0.0022240388380686143
2023Q3,RM12,SM6,0.0010138786969248344,0.0015849557056399994
2019Q1,RM13,SM6,0.0004175912171475519,0.0005134931576886211
2019Q2,RM13,SM6,0.0015076243975713107,0.0018538579853410984
2020Q2,RM13,SM6,0.0006447257320495997,0.0007927902656924874
2021Q1,RM13,SM6,0.0047676999018822965,0.005862626360420385
2021Q2,RM13,SM6,0.009811268691906764,0.012064476298021792
2023Q2,RM13,SM6,0.0010766831957162765,0.0013239489512617678
2023Q3,RM13,SM6,0.0022759645208915795,0.0027986513140838896
2020Q3,RM14,SM6,0.0029060031202302232,0.0031085648835915357
2021Q1,RM14,SM6,0.003562649587809928,0.003810982625624444
2021Q2,RM14,SM6,0.002824386945180085,0.00302125968631638
2021Q4,RM14,SM6,0.0026979004591882643,0.002885956511359046
2022Q1,RM14,SM6,0.0018074504660745589,0.001933438064314744
2022Q2,RM14,SM6,0.004740694378627957,0.0050711425485583
2023Q2,RM14,SM6,0.0006473006986735082,0.0006924205301133068
2019Q1,RM15,SM6,0.0018396247214263106,0.00247964937010388
2019Q2,RM15,SM6,0.0020120236936935717,0.0027120277448941608
2019Q3,RM15,SM6,0.0015856828473411186,0.0021373584665384327
2019Q4,RM15,SM6,0.0021696311628403714,0.002924468498185693
2020Q1,RM15,SM6,0.0012489338404020605,0.001683450963984255
2020Q2,RM15,SM6,0.0013389892311952989,0.00180483756553078
2020Q3,RM15,SM6,0.0034675750264022524,0.00467398058411595
2021Q4,RM15,SM6,0.0020219268368084106,0.002725376294900447
2022Q1,RM15,SM6,0.0019612016060489078,0.00264352412230871
2022Q2,RM15,SM6,0.002872122208475974,0.003871363513525219
2022Q3,RM15,SM6,0.000960141330759542,0.0012941845248647724
2023Q1,RM15,SM6,0.0019279101887692367,0.002598650273351408
2023Q3,RM15,SM6,0.0013490609384482631,0.001818413324898875
2019Q1,RM16,SM6,0.000555659216323842,0.0007971640459073129
2019Q2,RM16,SM6,0.00219602983997332,0.003150485010845319
2019Q3,RM16,SM6,0.0022052947862908194,0.0031637767585111533
2020Q1,RM16,SM6,0.0019383138759536613,0.002780758576841421
2020Q2,RM16,SM6,0.0013012498321564106,0.0018668089189642183
2021Q1,RM16,SM6,0.000998119793665935,0.0014319302004615546
2022Q3,RM16,SM6,0.0005588663131260532,0.0008017650354839478
2019Q2,RM17,SM6,0.0013311715432155653,0.0036180818774484967
2019Q4,RM17,SM6,0.0019021901326918104,0.0051700922256261725
2020Q1,RM17,SM6,0.0007973528618485222,0.0021671796952758807
2020Q2,RM17,SM6,0.0010746593678603179,0.002920889950737199
2020Q3,RM17,SM6,0.0023871055640726,0.006488076931140453
2020Q4,RM17,SM6,0.0012898127689750542,0.0035056700456934323
2021Q3,RM17,SM6,0.0027910380494291444,0.007585952567402141
2022Q1,RM17,SM6,0.0013348706352017052,0.003628135891708551
2022Q2,RM17,SM6,0.003062033110357244,0.00832250851604687
2022Q3,RM17,SM6,0.0025587267131696573,0.006954537750934585
2022Q4,RM17,SM6,0.0021713878946887913,0.005901763172992006
2023Q1,RM17,SM6,0.003442767900207489,0.009357333554406528
2023Q2,RM17,SM6,0.0007405080584456972,0.0020126773292456768
2023Q3,RM17,SM6,0.0006985641171113334,0.001898675031957948
2019Q2,RM18,SM6,0.005978411057146405,0.002124350730574861
2019Q1,RM2,SM6,0.002247758761202149,0.0033186199385840712
2019Q3,RM2,SM6,0.003053849435663114,0.004508742575740265
2021Q4,RM2,SM6,0.002311932073773784,0.003413366242458476
2023Q2,RM2,SM6,0.0004133946304449728,0.0006103411481597603
2023Q3,RM2,SM6,0.0009176629804907855,0.0013548494244678088
2019Q2,RM3,SM6,0.0071372641674521155,0.007913077246066828
2019Q3,RM3,SM6,0.0038618660561356814,0.004281646818612045
2020Q1,RM3,SM6,0.004408218302449338,0.004887386977195171
2020Q3,RM3,SM6,0.008128987763841225,0.009012600150201631
2020Q4,RM3,SM6,0.008871871069500268,0.00983623408675971
2021Q1,RM3,SM6,0.004466931700262115,0.004952482459353484
2021Q2,RM3,SM6,0.004580362296036538,0.005078242841114835
2023Q2,RM3,SM6,0.001988314359263573,0.0022044420306125767
2019Q1,RM6,SM6,0.0017272029587325382,0.0012165925278069564
2019Q2,RM6,SM6,0.0013131032672071116,0.0009249125095844932
2020Q4,RM6,SM6,0.008619644348213875,0.00607143176392297
2021Q1,RM6,SM6,0.005831507496256702,0.004107547645125803
2021Q3,RM6,SM6,0.0016941394974812384,0.0011933035682215214
2022Q1,RM6,SM6,0.004428971598494245,0.0031196413399797304
2022Q3,RM6,SM6,0.0022304127104596392,0.001571039132229191
2023Q1,RM6,SM6,0.0025618537488568158,0.001804496751488066
2023Q2,RM6,SM6,0.001381568824773828,0.0009731376966284797
2019Q1,RM7,SM6,0.002474854320372852,0.003716406728771396
2019Q2,RM7,SM6,0.0018015859136246226,0.002705381871061244
2019Q4,RM7,SM6,0.0016357558841182324,0.002456360410518444
2020Q2,RM7,SM6,0.0026547935198167148,0.003986615462302897
2020Q3,RM7,SM6,0.0072274128439225455,0.010853166387876898
2021Q1,RM7,SM6,0.002778031256160652,0.004171677487496429
2021Q2,RM7,SM6,0.0026214308177125553,0.003936515798023985
2021Q3,RM7,SM6,0.001987236868190627,0.0029841677580010398
2021Q4,RM7,SM6,0.0026671626848825433,0.004005189827630793
2022Q1,RM7,SM6,0.002245741070208572,0.003372354952651929
2022Q2,RM7,SM6,0.0015144472836102509,0.0022741953046879785
2022Q4,RM7,SM6,0.0041396985468018545,0.006216448139097643
2023Q1,RM7,SM6,0.002566204576134241,0.003853584380963655
2023Q2,RM7,SM6,0.002482116949402329,0.0037273127781382335
2023Q3,RM7,SM6,0.0009138051671567909,0.0013722309406462069
2019Q3,RM8,SM6,0.002608837548059404,0.003833589957124451
2019Q4,RM8,SM6,0.0006274507494458474,0.0009220155902214267
2020Q1,RM8,SM6,0.0021665064165963164,0.003183600775328999
2021Q2,RM8,SM6,0.003335245537437568,0.004901019538903718
2021Q4,RM8,SM6,0.0021755903819807285,0.0031969493253352853
2022Q1,RM8,SM6,0.0020845961074492146,0.0030632366159106155
2022Q2,RM8,SM6,0.007860451885061247,0.011550642326290458
2022Q3,RM8,SM6,0.0014320968066455,0.0021044131090761104
2022Q4,RM8,SM6,0.0027952327867131663,0.004107490842785351
2023Q2,RM8,SM6,0.001467079737168448,0.0021558192271854248
2023Q3,RM8,SM6,0.002976912094401405,0.004374461842911072
2019Q1,RM9,SM6,0.0018236032692846079,0.002547073748220737
2020Q3,RM9,SM6,0.003679415762031525,0.005139134950079682
2020Q4,RM9,SM6,0.002722574083216863,0.0038026894839184103
2021Q1,RM9,SM6,0.003939854988108076,0.005502897138336089
2022Q2,RM9,SM6,0.0027138710859682088,0.0037905337830616225
2022Q3,RM9,SM6,0.004246249293114436,0.005930845971303575
2022Q4,RM9,SM6,0.001563489388899595,0.002183765978687947
2023Q2,RM9,SM6,0.0014555966239431473,0.0020330693694680453
2023Q3,RM9,SM6,0.0017028186813009476,0.002378370797077462
2019Q1,S10,SM6,0.001098567274203692,0.0012077881650368533
2019Q2,S10,SM6,0.0011082287556633211,0.0012184102027014295
2019Q2,S41,SM6,0.0008512595181211763,0.002557582181204409
2020Q4,S44,SM6,0.012557682100797787,0.0037103856806834533
2022Q3,S44,SM6,0.035142131514545615,0.01038335422999608
2020Q3,S6,SM6,0.000579285875490141,0.0014965144615557975
2019Q2,SA1,SM6,0.0007524231298905332,0.0025412799094946038
2019Q4,SA1,SM6,0.0005233275337581019,0.0017675184278536308
2021Q3,SA1,SM6,0.0012775333778748898,0.004314819385436177
2021Q4,SA1,SM6,0.0007302064742973061,0.002466244017757141
2022Q2,SA1,SM6,0.0005401287744376131,0.0018242639659654602
2022Q4,SA1,SM6,0.0006208554563812094,0.002096915200136409
2019Q3,SA5,SM6,0.0007314066972199431,0.002630118769961972
2019Q1,SE1,SM6,0.029513277874373137,0.15901054058254033
2019Q2,SE1,SM6,0.02327506678245288,0.12540053893458514
2019Q3,SE1,SM6,0.037363489750396536,0.2013056200856493
2019Q4,SE1,SM6,0.02684356630763333,0.14462676792151147
2020Q1,SE1,SM6,0.031100144519370314,0.16756020165805588
2020Q3,SE1,SM6,0.010624898536336223,0.0572444330680212
2023Q1,SE1,SM6,0.01041888082984728,0.056134458533243184
2023Q2,SE1,SM6,0.0032065637049171467,0.017276204639199492
2023Q3,SE1,SM6,0.002831354444580676,0.015254666144843256
2019Q1,SE10,SM6,0.006276844070794569,0.01646001180924066
2019Q3,SE10,SM6,0.003938025042024264,0.010326835901246062
2019Q4,SE10,SM6,0.00503591011133005,0.013205862527069928
2020Q1,SE10,SM6,0.0057325478091488,0.01503268259835574
2020Q2,SE10,SM6,0.004059153054405796,0.010644474589055215
2021Q2,SE10,SM6,0.00826501569891533,0.02167367142999373
2021Q4,SE10,SM6,0.005921691193289633,0.015528680635185059
2022Q1,SE10,SM6,0.003108475776971414,0.008151476668945052
2022Q2,SE10,SM6,0.006018169048645024,0.01578167825955952
2022Q3,SE10,SM6,0.003229495484620845,0.008468831345051947
2022Q4,SE10,SM6,0.004396349007328419,0.011528716622875877
2023Q1,SE10,SM6,0.002609039335361796,0.006841785105136807
2023Q2,SE10,SM6,0.001790212238786925,0.004694543031359676
2023Q3,SE10,SM6,0.00201763051525218,0.0052909108037681755
2019Q1,SE11,SM6,0.09870296211749446,0.16209451005271605
2019Q2,SE11,SM6,0.04090751277546576,0.06718018485525333
2019Q4,SE11,SM6,0.048654718824585455,0.07990300027911704
2021Q2,SE11,SM6,0.010489117369266972,0.017225707358537408
2023Q1,SE11,SM6,0.014857470176519375,0.024399615748298704
2023Q2,SE11,SM6,0.005930460220265801,0.009739272491607666
2023Q3,SE11,SM6,0.0066699216019900755,0.01095364972813698
2019Q1,SE12,SM6,0.007660961185881752,0.004648476333252876
2019Q2,SE12,SM6,0.013411549981613828,0.008137787304896052
2019Q4,SE12,SM6,0.01037144887071508,0.006293131298708224
2020Q1,SE12,SM6,0.007586257546574678,0.004603148065571956
2020Q2,SE12,SM6,0.024665681327299318,0.014966507871728834
2022Q1,SE12,SM6,0.03730501286199078,0.02263573267023402
2023Q2,SE12,SM6,0.0076270730688026015,0.004627913886009151
2023Q3,SE12,SM6,0.01800254732359062,0.010923487685356822
2019Q3,SE13,SM6,0.007001530482386297,0.017569872739337782
2019Q4,SE13,SM6,0.006043391285613645,0.015165486470333176
2020Q1,SE13,SM6,0.006136830738572079,0.015399966531720191
2020Q3,SE13,SM6,0.02491256980819754,0.06251642869241877
2023Q1,SE13,SM6,0.008344971609454115,0.020941148447521117
2023Q2,SE13,SM6,0.005343206547638063,0.013408419673122764
2023Q3,SE13,SM6,0.0050146745175414795,0.012583990503798357
2019Q2,SE14,SM6,0.03281588884812196,0.04469384234040879
2019Q3,SE14,SM6,0.0362310591632434,0.04934515879068428
2019Q4,SE14,SM6,0.019693220154681456,0.026821326731141255
2020Q1,SE14,SM6,0.009001409017072876,0.012259535535134928
2020Q4,SE14,SM6,0.012276570945560913,0.01672016652851211
2021Q3,SE14,SM6,0.008026938968312252,0.01093234885046738
2021Q4,SE14,SM6,0.007617215289346947,0.01037432265786417
2022Q2,SE14,SM6,0.007947571688072945,0.010824253996586687
2022Q3,SE14,SM6,0.003879571085202735,0.005283810511211641
2023Q1,SE14,SM6,0.010192376991068524,0.013881583169090266
2023Q2,SE14,SM6,0.00869937126431771,0.011848172985579506
2023Q3,SE14,SM6,0.002391570126517457,0.003257216608555155
2019Q1,SE15,SM6,0.035112836185855784,0.11758124235260504
2019Q2,SE15,SM6,0.04304008343618725,0.14412696412787185
2019Q3,SE15,SM6,0.027485030868420617,0.09203825229334238
2019Q4,SE15,SM6,0.017006412147581678,0.05694883368830754
2020Q1,SE15,SM6,0.018886146880252527,0.06324344184786752
2022Q3,SE15,SM6,0.018279850329665483,0.061213155793081626
2023Q1,SE15,SM6,0.024818652526274503,0.08310943559530785
2023Q2,SE15,SM6,0.008996234425946164,0.030125405270569543
2023Q3,SE15,SM6,0.013231845910004215,0.04430906328618504
2019Q1,SE16,SM6,0.012873328690319192,0.07034958504546925
2019Q2,SE16,SM6,0.010705928539614079,0.058505274619040475
2019Q3,SE16,SM6,0.014228444915525534,0.07775496297257357
2019Q4,SE16,SM6,0.013867959947193764,0.07578500100334802
2020Q1,SE16,SM6,0.008042418500107984,0.04394984528516482
2020Q3,SE16,SM6,0.010966929593643976,0.05993158138779728
2022Q4,SE16,SM6,0.014766464650995119,0.0806951089167241
2023Q1,SE16,SM6,0.004036909851093903,0.022060722577835576
2023Q2,SE16,SM6,0.0019884621520940143,0.01086645813554273
2023Q3,SE16,SM6,0.0020503186742975945,0.011204488863574256
2019Q1,SE17,SM6,0.04790346451405608,0.16095210138153976
2019Q2,SE17,SM6,0.035390614273675874,0.1189098490957839
2019Q3,SE17,SM6,0.060889559659899985,0.20458442158357631
2019Q4,SE17,SM6,0.033785591658028434,0.1135170916955848
2020Q1,SE17,SM6,0.02823983692296953,0.0948837655382994
2022Q1,SE17,SM6,0.010679379140914269,0.03588192485902507
2022Q3,SE17,SM6,0.007757916431545053,0.026066026010147268
2022Q4,SE17,SM6,0.00924914590395397,0.03107644685676209
2023Q2,SE17,SM6,0.005902839681052695,0.01983310519231847
2023Q3,SE17,SM6,0.008476617086032718,0.02848080710745465
2019Q1,SE18,SM6,0.005029670959992039,0.00971524510159635
2019Q2,SE18,SM6,0.004102524242186261,0.007924380911816832
2020Q1,SE18,SM6,0.003844682881436419,0.007426337990731231
2021Q3,SE18,SM6,0.0015599872838797544,0.003013250556312608
2021Q4,SE18,SM6,0.0017576323324198662,0.0033950190864923896
2022Q2,SE18,SM6,0.001066859800027779,0.0020607321092683067
2022Q4,SE18,SM6,0.002642521062611875,0.00510425831304198
2023Q1,SE18,SM6,0.007429818790931902,0.014351338524630629
2023Q2,SE18,SM6,0.0036250707370386274,0.007002138112233596
2023Q3,SE18,SM6,0.006347343826378784,0.012260444372582162
2019Q2,SE19,SM6,0.12456736958718112,0.04407793456288471
2019Q3,SE19,SM6,0.1129970330642771,0.039983792270105636
2020Q1,SE19,SM6,0.16891034680226152,0.059768615473039674
2023Q2,SE19,SM6,0.07923313541039405,0.028036499200436903
2023Q3,SE19,SM6,0.12742138699968042,0.04508782337378581
2019Q1,SE2,SM6,0.002413178348853427,0.0021844476067733746
2019Q2,SE2,SM6,0.0025341604290102103,0.002293962519165372
2019Q3,SE2,SM6,0.0033314624572633664,0.0030156930569520558
2020Q2,SE2,SM6,0.003629776154911368,0.0032857313834622013
2020Q3,SE2,SM6,0.004716418624867286,0.004269377513074353
2021Q2,SE2,SM6,0.005627988478828692,0.00509454511282464
2021Q4,SE2,SM6,0.0071289067232633875,0.006453200294102753
2022Q4,SE2,SM6,0.0009409368734185488,0.000851751095081955
2023Q1,SE2,SM6,0.004442702943516723,0.004021605704021503
2023Q2,SE2,SM6,0.003587168876681878,0.003247162594295101
2023Q3,SE2,SM6,0.0014955844909008134,0.0013538269823396678
2019Q1,SE20,SM6,0.06437661337986242,0.02327277091840635
2019Q2,SE20,SM6,0.10164061886118862,0.036744070782409786
2019Q3,SE20,SM6,0.08125234750440599,0.0293735126900027
2019Q4,SE20,SM6,0.06922911560948618,0.025026997598594145
2020Q1,SE20,SM6,0.07058353613920662,0.02551663377329281
2023Q2,SE20,SM6,0.06634335140428366,0.02398376581384756
2023Q3,SE20,SM6,0.09040584197997382,0.03268258983539079
2019Q1,SE21,SM6,0.037282742180045465,0.03065008848932726
2019Q2,SE21,SM6,0.0758015126460159,0.062316314047005376
2019Q3,SE21,SM6,0.08536789759204183,0.07018082529198551
2020Q1,SE21,SM6,0.042484162570477164,0.03492616867857499
2023Q2,SE21,SM6,0.023723949250492392,0.01950342440833343
2023Q3,SE21,SM6,0.03924039154139112,0.032259469201361746
2019Q1,SE22,SM6,0.04655951869399662,0.05172176871520772
2019Q2,SE22,SM6,0.06411368499629709,0.07122223940183764
2019Q3,SE22,SM6,0.03318869720471932,0.03686846790800029
2019Q4,SE22,SM6,0.03879333511813965,0.04309451564263436
2020Q1,SE22,SM6,0.03218771743304805,0.03575650529130643
2020Q2,SE22,SM6,0.07262922280968177,0.08068193077373917
2021Q4,SE22,SM6,0.10381672746618396,0.11532732548345853
2023Q2,SE22,SM6,0.030745766597273124,0.034154679290552103
2023Q3,SE22,SM6,0.02272918467947325,0.025249265156783926
2019Q3,SE23,SM6,0.01747090325021534,0.018576637421514008
2019Q4,SE23,SM6,0.030486416328062742,0.032415902846967326
2020Q1,SE23,SM6,0.030800747280619826,0.03275012781818855
2020Q2,SE23,SM6,0.19067762184213588,0.20274561621845508
2023Q2,SE23,SM6,0.016705482806939027,0.017762773487513726
2023Q3,SE23,SM6,0.0167445337801408,0.017804295998384345
2019Q1,SE24,SM6,0.05011576797427223,0.049871943696038736
2019Q2,SE24,SM6,0.06525613641044044,0.06493865089632539
2019Q3,SE24,SM6,0.09228131277428346,0.09183234380920284
2019Q4,SE24,SM6,0.048480710013970765,0.048244840653783136
2020Q1,SE24,SM6,0.03682399395605908,0.036644837093639665
2020Q2,SE24,SM6,0.054942285549737735,0.05467497919766227
2023Q2,SE24,SM6,0.016862016828509355,0.01677997939300836
2023Q3,SE24,SM6,0.014579499889548481,0.014508567403002545
2019Q1,SE25,SM6,0.1742402540907372,0.2250739914245018
2019Q2,SE25,SM6,0.29196465764793805,0.3771439108295184
2019Q3,SE25,SM6,0.23459396546397965,0.3030356013116408
2019Q4,SE25,SM6,0.22205813480456502,0.2868425037001854
2020Q1,SE25,SM6,0.25077329481830274,0.3239351704459508
2023Q2,SE25,SM6,0.13167850622027094,0.17009506290307938
2023Q3,SE25,SM6,0.140350267931767,0.18129676845197149
2019Q1,SE26,SM6,0.06482641766554037,0.0367007305966447
2019Q2,SE26,SM6,0.09650483820311516,0.05463510395466476
2019Q3,SE26,SM6,0.06301691307021723,0.03567630038658781
2019Q4,SE26,SM6,0.03928064749558058,0.02223828669408941
2020Q1,SE26,SM6,0.056022101738498455,0.03171626841961658
2023Q2,SE26,SM6,0.021142759376438273,0.011969729994147391
2023Q3,SE26,SM6,0.023778004078193873,0.013461643466126551
2019Q1,SE27,SM6,0.08192047681761114,0.033147801003694966
2019Q3,SE27,SM6,0.07850714701347618,0.03176665209559775
2019Q4,SE27,SM6,0.11192535140801256,0.04528879005430599
2020Q1,SE27,SM6,0.08117183244806757,0.03284487412206295
2023Q2,SE27,SM6,0.043242108693247835,0.017497222545899315
2023Q3,SE27,SM6,0.05203576715882968,0.0210554347565111
2019Q1,SE28,SM6,0.0023171635180079587,0.002002907326687884
2019Q4,SE28,SM6,0.0022393573977810377,0.0019356533555923829
2020Q1,SE28,SM6,0.0018115551657901191,0.0015658701192480331
2022Q2,SE28,SM6,0.0014225245646555193,0.0012296002637705288
2022Q3,SE28,SM6,0.004608764045502173,0.003983718542939831
2022Q4,SE28,SM6,0.0031525278763902265,0.002724978678517281
2023Q2,SE28,SM6,0.00292574669319504,0.0025289538016164594
2023Q3,SE28,SM6,0.0011337744867187913,0.0009800107798232061
2019Q1,SE3,SM6,0.004461747869883721,0.008320634038811945
2019Q2,SE3,SM6,0.00923429879856085,0.017220879159598967
2019Q3,SE3,SM6,0.005454526672148746,0.010172049523513596
2020Q2,SE3,SM6,0.005423306255129612,0.010113827124550006
2021Q3,SE3,SM6,0.007961297716709451,0.014846882142736332
2021Q4,SE3,SM6,0.007383491559779723,0.013769341744356558
2022Q2,SE3,SM6,0.007980425933185566,0.014882554012540362
2022Q3,SE3,SM6,0.006942446058865521,0.012946843854607528
2022Q4,SE3,SM6,0.006610443575442535,0.012327698343677664
2023Q1,SE3,SM6,0.00428137000687171,0.007984250578653538
2023Q2,SE3,SM6,0.002309884434207844,0.004307662290539189
2023Q3,SE3,SM6,0.0031338597719655138,0.005844279204454299
2019Q3,SE4,SM6,0.017263351725356417,0.01933432384080699
2019Q4,SE4,SM6,0.02480142010467638,0.027776685295208176
2020Q1,SE4,SM6,0.01936977287312847,0.021693438644471128
2020Q3,SE4,SM6,0.0581810339112796,0.0651606344428129
2021Q2,SE4,SM6,0.04997571915278,0.055970981397421515
2023Q2,SE4,SM6,0.008512108111164374,0.009533250402787241
2023Q3,SE4,SM6,0.005939639002136486,0.0066521788927070905
2019Q1,SE5,SM6,0.041490433358313934,0.1428196582623626
2019Q2,SE5,SM6,0.04696140879487493,0.16165201982059274
2019Q3,SE5,SM6,0.04785719847332808,0.16473553487204484
2019Q4,SE5,SM6,0.04494685973850729,0.15471747649349735
2020Q1,SE5,SM6,0.025944220897417783,0.0893060029152472
2022Q2,SE5,SM6,0.02737263291079646,0.09422292710947756
2023Q2,SE5,SM6,0.010963485468873713,0.037738850170750585
2023Q3,SE5,SM6,0.014475819289991813,0.04982911473133772
2019Q3,SE6,SM6,0.02136082667039323,0.05318096403908636
2019Q4,SE6,SM6,0.015544405573384509,0.03870011617822454
2020Q1,SE6,SM6,0.023374103167220817,0.058193316165276565
2023Q2,SE6,SM6,0.006951487230110561,0.017306764298362816
2023Q3,SE6,SM6,0.007125819698915206,0.017740790981758698
2019Q1,SE7,SM6,0.004582381415356896,0.004960207577654995
2019Q3,SE7,SM6,0.003930634161695444,0.004254722509237664
2020Q1,SE7,SM6,0.0012409960387954654,0.0013433185493559956
2020Q3,SE7,SM6,0.0027057481395565052,0.002928842278400518
2021Q3,SE7,SM6,0.0010741235535584753,0.0011626871067177418
2021Q4,SE7,SM6,0.004611557862461225,0.004991789678946463
2022Q2,SE7,SM6,0.003142765138629981,0.0034018921696871147
2022Q3,SE7,SM6,0.0015114029307533932,0.0016360210097066002
2023Q1,SE7,SM6,0.0010072171325908141,0.0010902641226410836
2023Q2,SE7,SM6,0.0012024264549435196,0.0013015688291235694
2023Q3,SE7,SM6,0.001559365651352956,0.0016879383488799856
2019Q1,SE8,SM6,0.07467870810426212,0.09082785122064473
2019Q2,SE8,SM6,0.05836701454645213,0.07098878178257875
2019Q3,SE8,SM6,0.04742494192150298,0.057680504635673376
2019Q4,SE8,SM6,0.044723692029042604,0.05439511406625387
2020Q1,SE8,SM6,0.036061141975387886,0.04385930235448388
2020Q2,SE8,SM6,0.007922495664817994,0.009635721824963157
2021Q2,SE8,SM6,0.009298223427784249,0.011308948367666
2022Q2,SE8,SM6,0.014188579048374348,0.01725683504110526
2022Q4,SE8,SM6,0.01209068411296191,0.014705273907988791
2023Q1,SE8,SM6,0.007069046598706531,0.008597715855538172
2023Q2,SE8,SM6,0.01187762541538062,0.014446141630845488
2023Q3,SE8,SM6,0.01092936943210782,0.01329282691030237
2019Q1,SE9,SM6,0.006909500873458757,0.018037015187217342
2019Q2,SE9,SM6,0.007194419322904712,0.01878078503309951
2019Q4,SE9,SM6,0.009846180181208542,0.02570311585699765
2020Q1,SE9,SM6,0.0046973900282185855,0.012262375652157542
2020Q2,SE9,SM6,0.00838627232045724,0.021892076429032757
2021Q3,SE9,SM6,0.007938418988664308,0.020722970657843905
2022Q1,SE9,SM6,0.008526098649779046,0.022257088268779115
2022Q2,SE9,SM6,0.009501336162053241,0.0248029123655099
2022Q3,SE9,SM6,0.009019842695630444,0.023545990175981826
2022Q4,SE9,SM6,0.010175509701016435,0.026562819279742918
2023Q1,SE9,SM6,0.007729419316529863,0.020177384177799747
2023Q2,SE9,SM6,0.004839653417746434,0.012633749354034551
2023Q3,SE9,SM6,0.004554343297910221,0.011888957066024244
2019Q1,SG1,SM6,0.0006100216510638039,0.002695555066163
2019Q2,SG1,SM6,0.00042279237390134886,0.0018682289774755254
2019Q3,SG1,SM6,0.0004020191152748794,0.001776436395304639
2019Q4,SG1,SM6,0.0003159694907417195,0.0013962015283170695
2020Q1,SG1,SM6,0.00034481552561659414,0.0015236659802919882
2020Q3,SG1,SM6,0.0004386037031776839,0.0019380958562318312
2021Q3,SG1,SM6,0.0006899010007574185,0.003048524809733475
2022Q1,SG1,SM6,0.00046401752267306135,0.002050394083305991
2022Q2,SG1,SM6,0.0005298723518459593,0.002341392473443027
2022Q3,SG1,SM6,0.0005487045448458217,0.0024246079022056193
2022Q4,SG1,SM6,0.0004711776124347839,0.0020820329869379113
2019Q2,SG12,SM6,0.0011058655732026118,0.0016954362578196864
2020Q1,SG12,SM6,0.000828509982174913,0.00127021393719391
2020Q3,SG12,SM6,0.0007708232796328175,0.0011817726931097085
2021Q4,SG12,SM6,0.001528234493549361,0.002342982938975691
2021Q3,SG13,SM6,0.0013808129495287958,0.0011997790350330815
2021Q2,SG14,SM6,0.0013882450725905948,0.0012537412584627484
2019Q1,SG18,SM6,0.0004559959316777961,0.0009801243845041104
2020Q3,SG18,SM6,0.0011917997407595044,0.002561671949716973
2022Q4,SG18,SM6,0.00097610349072449,0.0020980512469454546
2020Q3,SG2,SM6,0.0015007290383168136,0.0020797608933198204
2020Q4,SG2,SM6,0.0007871306181197383,0.0010908321460456065
2019Q3,SG4,SM6,0.0009913627964770642,0.0012973654559301005
2020Q4,SG5,SM6,0.0015729519047656536,0.0015407066824276725
2019Q4,SG8,SM6,0.0018166915046133663,0.0038823263652325093
2020Q1,SG8,SM6,0.0009553392353662672,0.0020415897205358874
2020Q3,SG8,SM6,0.006284554378464326,0.013430288574196892
2020Q4,SG8,SM6,0.003376380753738545,0.007215430900631911
2022Q4,SG8,SM6,0.0014744471110187962,0.003150939429568937
2023Q1,SG8,SM6,0.003258259125505067,0.006963001299661974
2023Q2,SG8,SM6,0.0013577076440517758,0.0029014635503025192
2023Q3,SG8,SM6,0.0004230742476580288,0.0009041228529789582
2019Q3,SL1,SM6,0.0013344757605318642,0.006011675701767171
2019Q4,SL1,SM6,0.0007621396784578638,0.003433360666297679
2020Q1,SL1,SM6,0.0009221229396628363,0.0041540687619562216
2020Q2,SL1,SM6,0.0006819463035159006,0.003072097781021171
2020Q4,SL1,SM6,0.0011380398189877064,0.005126752039861083
2021Q2,SL1,SM6,0.0016065658293797605,0.007237413406386946
2021Q3,SL1,SM6,0.0020496468349553237,0.009233447649880102
2022Q3,SL1,SM6,0.0021183155645046834,0.009542793195983224
2022Q4,SL1,SM6,0.0015982186573339145,0.007199810257007534
2023Q2,SL1,SM6,0.0005910983056453277,0.002662836918062486
2023Q3,SL1,SM6,0.0013695288395159301,0.0061695862082245135
2019Q1,SL2,SM6,0.002570304016039501,0.003176841296815177
2019Q2,SL2,SM6,0.002868429501521697,0.003545318079329125
2019Q3,SL2,SM6,0.002038761027741817,0.0025198654271440944
2020Q1,SL2,SM6,0.001720919828790859,0.002127020440576118
2021Q4,SL2,SM6,0.0014215534942092307,0.0017570099948699591
2022Q4,SL2,SM6,0.006475348046702005,0.008003392967385954
2023Q1,SL2,SM6,0.002772700291369175,0.003426998804167024
2023Q2,SL2,SM6,0.0009117483438386435,0.0011269016322328048
2019Q2,SL3,SM6,0.002340998188562671,0.0029228212303125762
2019Q3,SL3,SM6,0.005031490082126479,0.006281998039979577
2019Q4,SL3,SM6,0.003276014411575343,0.004090222931287858
2020Q1,SL3,SM6,0.0029626438518190533,0.0036989684102525463
2020Q3,SL3,SM6,0.005992120071855583,0.007481379458629492
2021Q2,SL3,SM6,0.005904177956290991,0.007371580534535231
2022Q4,SL3,SM6,0.003976093705061086,0.004964297346167559
2023Q1,SL3,SM6,0.002591085001422765,0.0032350636957787656
2023Q2,SL3,SM6,0.0015238143914746215,0.0019025375911087032
2023Q3,SL3,SM6,0.003298989459873387,0.004118908113216259
2019Q2,SL4,SM6,0.0010822695155248568,0.002344800613870164
2019Q3,SL4,SM6,0.0013004013558632,0.0028173960864331426
2020Q1,SL4,SM6,0.0002642751142560697,0.0005725675917589934
2020Q2,SL4,SM6,0.0009188803774252707,0.001990808428171548
2020Q3,SL4,SM6,0.0029311728223157586,0.00635055846490548
2019Q2,SL6,SM6,0.0007666877353737965,0.003472781490571562
2019Q4,SL6,SM6,0.0007623864187910949,0.00345329828779643
2020Q1,SL6,SM6,0.0007920441847330462,0.0035876358229660742
2020Q3,SL6,SM6,0.0030027704248626968,0.01360132042129871
2021Q3,SL6,SM6,0.002083078713904228,0.009435493574868866
2021Q4,SL6,SM6,0.0009896539419056768,0.00448272710381312
2022Q1,SL6,SM6,0.0008073307879817731,0.0036568778759774045
2022Q2,SL6,SM6,0.002528308871199385,0.011452203870286656
2022Q4,SL6,SM6,0.004860738544084485,0.02201715518270868
2023Q2,SL6,SM6,0.0028813177977388914,0.013051189754018368
2023Q3,SL6,SM6,0.0037143060018378885,0.01682428521856114
2019Q1,SM1,SM6,1.7840171271964442,6.290318276402005
2019Q2,SM1,SM6,2.083253603020946,7.345404936810353
2019Q3,SM1,SM6,1.8256853468075669,6.437237473179491
2019Q4,SM1,SM6,1.9089711365292876,6.730897280176077
2020Q1,SM1,SM6,1.4702156657729315,5.183876506386069
2020Q2,SM1,SM6,1.1754972736062306,4.1447202895669255
2020Q3,SM1,SM6,1.9090017131043495,6.731005091018255
2020Q4,SM1,SM6,1.2453994322209794,4.391190359383631
2021Q2,SM1,SM6,1.3890026391986336,4.897525115721434
2021Q3,SM1,SM6,1.4026363119397158,4.945596482027477
2021Q4,SM1,SM6,1.3144706587150037,4.634730621282149
2022Q1,SM1,SM6,1.1423130064318985,4.027714909341825
2022Q2,SM1,SM6,1.446925546543634,5.1017571923871845
2022Q3,SM1,SM6,1.3062726890814296,4.605825159877472
2022Q4,SM1,SM6,1.2627261849394025,4.452283264621975
2023Q1,SM1,SM6,2.599840795114606,9.166854858027467
2023Q2,SM1,SM6,1.7715214572279632,6.246259427425513
2023Q3,SM1,SM6,1.3898885382709454,4.900648733225245
2019Q1,SM2,SM6,2.2588038142208875,1.4599097269145176
2019Q2,SM2,SM6,3.3704774404556974,2.1784064506569125
2019Q3,SM2,SM6,2.507013720322941,1.6203327144947446
2019Q4,SM2,SM6,2.414665600241276,1.5606462920083388
2020Q1,SM2,SM6,1.5264225649475949,0.9865571927579908
2020Q2,SM2,SM6,0.9690511338259322,0.6263169768189859
2020Q3,SM2,SM6,2.5349056870806232,1.638359846074723
2020Q4,SM2,SM6,1.2219880658980915,0.7897951350827791
2021Q1,SM2,SM6,0.5922697422322039,0.3827956869021799
2021Q2,SM2,SM6,1.5220705477123722,0.9837443976611344
2021Q3,SM2,SM6,1.8730491939324465,1.2105888612351932
2021Q4,SM2,SM6,1.51855520335179,0.9814723608453836
2022Q1,SM2,SM6,1.3950865435373596,0.9016721160001444
2022Q2,SM2,SM6,1.7416577165785243,1.1256679422005218
2022Q3,SM2,SM6,2.298566253159144,1.4856089802123644
2022Q4,SM2,SM6,2.2939908302046628,1.4826517935660783
2023Q1,SM2,SM6,2.4333789491752507,1.5727411007561625
2023Q2,SM2,SM6,2.6510140864007905,1.7134030085117644
2023Q3,SM2,SM6,2.7116117891769416,1.7525685062653142
2019Q1,SM3,SM6,0.5584019550091605,0.7173221081441822
2019Q2,SM3,SM6,0.9080810938668508,1.166519276616355
2019Q3,SM3,SM6,0.6007265697619217,0.7716922291806371
2019Q4,SM3,SM6,0.7284814362828476,0.9358058920294102
2020Q1,SM3,SM6,0.5487794582823949,0.704961066826659
2020Q2,SM3,SM6,0.6909343978981682,0.8875730366694626
2020Q3,SM3,SM6,0.7407224778418274,0.9515307111461768
2020Q4,SM3,SM6,0.5551289840043195,0.7131176557062447
2021Q1,SM3,SM6,0.2988541471742948,0.3839074791118524
2021Q2,SM3,SM6,0.4530680829062976,0.5820104128357807
2021Q3,SM3,SM6,0.5146562184481528,0.6611264166879314
2021Q4,SM3,SM6,0.3986451180309799,0.5120987738351985
2022Q1,SM3,SM6,0.31039137107180864,0.3987281753756402
2022Q2,SM3,SM6,0.458079174451247,0.5884476516722164
2022Q3,SM3,SM6,0.34696707298796875,0.4457132537228727
2022Q4,SM3,SM6,0.2699022890793109,0.34671597629370005
2023Q1,SM3,SM6,0.39604381821277385,0.5087571489487314
2023Q2,SM3,SM6,0.3389090527756425,0.43536193601289175
2023Q3,SM3,SM6,0.4745573159520914,0.6096154414581421
2019Q1,SM4,SM6,0.5410730488470361,0.4852367766282935
2019Q2,SM4,SM6,0.8432417858751782,0.7562230773982459
2019Q3,SM4,SM6,0.8111973340269255,0.7274854669096066
2019Q4,SM4,SM6,0.6544304484811249,0.5868962093474432
2020Q1,SM4,SM6,0.5064516662732657,0.45418816291835296
2020Q3,SM4,SM6,1.3660425368905382,1.2250731740388228
2021Q2,SM4,SM6,0.8533758976891669,0.7653113950682705
2022Q2,SM4,SM6,0.7771195866114964,0.6969243876877679
2022Q3,SM4,SM6,0.9028617716837732,0.8096905524425736
2022Q4,SM4,SM6,0.7780616215305237,0.6977692088973148
2023Q1,SM4,SM6,1.348060583176984,1.208946875979739
2023Q2,SM4,SM6,0.8773648837244151,0.7868248270958483
2023Q3,SM4,SM6,1.0868901584373754,0.9747280485564628
2019Q1,SM5,SM6,12.692654328547471,10.102431893427196
2019Q2,SM5,SM6,13.58562791409933,10.813174075255725
2019Q3,SM5,SM6,13.122317353444442,10.44441248580675
2019Q4,SM5,SM6,14.770483526031995,11.756233171742167
2020Q1,SM5,SM6,13.230919341292891,10.530851788204052
2020Q2,SM5,SM6,19.017378935169564,15.136453771685884
2020Q3,SM5,SM6,24.784903712417325,19.72698501500126
2020Q4,SM5,SM6,22.515810308115558,17.920951305785238
2021Q1,SM5,SM6,14.590330470208805,11.612844410830816
2021Q2,SM5,SM6,19.74720610874014,15.71734324713518
2021Q3,SM5,SM6,17.126495573958838,13.631447814651196
2021Q4,SM5,SM6,18.420906697931496,14.66170514960572
2022Q1,SM5,SM6,15.677299305446134,12.477992735524822
2022Q2,SM5,SM6,17.156034841352778,13.654958928190135
2022Q3,SM5,SM6,13.260713243393473,10.554565572493726
2022Q4,SM5,SM6,14.923927056824784,11.878363088715851
2023Q1,SM5,SM6,18.453312746762066,14.687498013160631
2023Q3,SM5,SM6,11.382361863438726,9.059534163244797
2019Q1,SM6,SM6,22.036524473271466,39.02748306206892
2019Q2,SM6,SM6,24.633603199864268,43.62700355977257
2019Q3,SM6,SM6,23.210136026560193,41.10599163418879
2019Q4,SM6,SM6,23.77195491338325,42.100993233285436
2020Q1,SM6,SM6,23.570155560153903,41.743599269021814
2020Q2,SM6,SM6,28.386577381343557,50.27365677760282
2020Q3,SM6,SM6,27.920758965236317,49.4486754895292
2020Q4,SM6,SM6,26.745643094791195,47.3675027172351
2021Q1,SM6,SM6,21.68225930640514,38.400066619148134
2021Q2,SM6,SM6,23.293821546300823,41.25420172095538
2021Q3,SM6,SM6,22.66033140688951,40.13226773740684
2021Q4,SM6,SM6,21.7558299185653,38.530362838201626
2022Q1,SM6,SM6,20.49957823097815,36.30549559479985
2022Q2,SM6,SM6,20.304088523305445,35.95927624136873
2022Q3,SM6,SM6,18.953401428309306,33.56716047075096
2022Q4,SM6,SM6,18.968878129818094,33.59457026972919
2023Q1,SM6,SM6,10.630247932622042,18.82655414374468
2023Q2,SM6,SM6,10.230804019099274,18.119124504004304
2023Q3,SM6,SM6,12.864291563553069,22.783126336961303
2020Q4,SM7,SM6,1.1567552578096598,1.377175925196621
2021Q1,SM7,SM6,0.5367560057477041,0.6390353048579539
2021Q2,SM7,SM6,1.042468579423096,1.2411118260865883
2021Q3,SM7,SM6,0.936215188721182,1.1146117642478683
2021Q4,SM7,SM6,0.9695643490765786,1.1543156345842251
2022Q1,SM7,SM6,0.7867678596849318,0.936687123539187
2022Q2,SM7,SM6,0.9244774778138299,1.1006374228568194
2022Q3,SM7,SM6,0.7853386774323649,0.9349856094309388
2022Q4,SM7,SM6,0.7337137327267691,0.8735234889796549
2023Q1,SM7,SM6,0.7373780310195962,0.8778860223310709
2023Q2,SM7,SM6,0.7050267457038403,0.8393701729452737
2023Q3,SM7,SM6,0.7837822022988149,0.933132546678364
2019Q1,SN1,SM6,0.00032664535141512327,0.0012935596991197975
2019Q3,SN1,SM6,0.0007706495165692593,0.003051876147820159
2020Q1,SN1,SM6,0.0006404819249435515,0.002536394908215708
2023Q2,SN1,SM6,0.00044836460017939385,0.0017755843601978546
2023Q3,SN1,SM6,0.00017697055046589342,0.0007008272765002443
2021Q3,SN15,SM6,0.0029644267486903125,0.004729533273078282
2022Q4,SN15,SM6,0.0008180184352942918,0.0013050905742316107
2019Q3,SN2,SM6,0.0012149657312322732,0.0032418231742925873
2020Q3,SN2,SM6,0.0007595451767002431,0.0020266507049969376
2021Q2,SN2,SM6,0.0013588107593710535,0.0036256365887286494
2021Q3,SN2,SM6,0.001893338628475188,0.005051886555144975
2021Q4,SN2,SM6,0.0021938655283175973,0.0058537651953098286
2022Q2,SN2,SM6,0.0006232574942754286,0.001663002121421434
2022Q2,SN25,SM6,0.0009123051904735168,0.002310207988534725
2019Q3,SN5,SM6,0.0005773395243115769,0.0012426648020745536
2023Q3,SN5,SM6,0.0010815252724476411,0.002327873516415384
2023Q2,SN6,SM6,0.008308644917887437,0.0046591551732579044
2023Q3,SN6,SM6,0.0094676656331716,0.005309087552712906
2019Q2,SO14,SM6,0.001170427232411633,0.001017670731543068
2019Q4,SO14,SM6,0.002066604993866354,0.0017968852378674601
2020Q3,SO14,SM6,0.01087048337751722,0.009451739044238218
2020Q4,SO14,SM6,0.0073893181657780655,0.006424912728557514
2021Q2,SO14,SM6,0.00783642711747628,0.0068136679466129285
2022Q1,SO14,SM6,0.004238193051055185,0.003685051836841737
2022Q2,SO14,SM6,0.004169728676218872,0.003625522984047746
2022Q3,SO14,SM6,0.004967456234545421,0.00431913636331055
2022Q4,SO14,SM6,0.004553991512847875,0.003959634350588063
2023Q2,SO14,SM6,0.0034223041413884692,0.0029756474069331977
2023Q3,SO14,SM6,0.0017495652886367462,0.0015212234796525405
2019Q1,SO15,SM6,0.0009703244719193376,0.001331617267222826
2019Q4,SO15,SM6,0.0015231399668199335,0.002090269326303492
2020Q1,SO15,SM6,0.0006679233034749115,0.0009166193678784599
2020Q3,SO15,SM6,0.002315152881983373,0.003177182110857891
2021Q2,SO15,SM6,0.004924759899240994,0.006758456071693311
2021Q4,SO15,SM6,0.003481131654920615,0.00477730404139865
2022Q1,SO15,SM6,0.0036088636568121423,0.004952596064034389
2022Q4,SO15,SM6,0.0034088219312315357,0.004678070352628514
2023Q1,SO15,SM6,0.002636014346229362,0.003617513854043974
2019Q1,SO16,SM6,0.0007201882020161911,0.0026694827918954025
2019Q2,SO16,SM6,0.0009411362294370236,0.003488458936536392
2019Q3,SO16,SM6,0.0016764343464925366,0.006213948836117743
2019Q4,SO16,SM6,0.0005089558806145575,0.00188651933110116
2020Q1,SO16,SM6,0.00024246356567155024,0.0008987266306359916
2019Q1,SO17,SM6,0.001733934504812975,0.003889937878853113
2019Q2,SO17,SM6,0.002129502081237336,0.004777360843739103
2019Q3,SO17,SM6,0.001614603391218402,0.003622228448301514
2019Q4,SO17,SM6,0.00192069162212118,0.00430891194202914
2020Q1,SO17,SM6,0.0013773337401480127,0.0030899337159231875
2021Q2,SO17,SM6,0.001156673724239525,0.0025949013188815576
2021Q3,SO17,SM6,0.0016999303279495097,0.0038136523356257007
2021Q4,SO17,SM6,0.0018228061807554641,0.004089314093840621
2022Q1,SO17,SM6,0.0015439111635171395,0.003463636313758745
2022Q2,SO17,SM6,0.001364142246368515,0.003060339696547549
2022Q3,SO17,SM6,0.0012768657030711474,0.002864542029008536
2022Q4,SO17,SM6,0.0005843502589962128,0.0013109412152981954
2023Q2,SO17,SM6,0.0008499271846260615,0.0019067409643021718
2019Q3,SO18,SM6,0.000823713384842214,0.0015689374456324561
2019Q4,SO18,SM6,0.0010346145490869603,0.001970643597310988
2021Q1,SO18,SM6,0.0014169623752721828,0.002698906404249684
2021Q2,SO18,SM6,0.0019675062657023667,0.0037475344113392455
2021Q3,SO18,SM6,0.0014401042451044682,0.0027429850204406547
2021Q4,SO18,SM6,0.0011201142150781493,0.002133495907387678
2022Q1,SO18,SM6,0.0017311072938460176,0.003297262258574013
2022Q2,SO18,SM6,0.001696006803133904,0.0032304059038616786
2022Q4,SO18,SM6,0.000561637673391022,0.00106975847773781
2019Q1,SO19,SM6,0.00047554462062230246,0.0013626313451097713
2019Q2,SO19,SM6,0.0008462628644114422,0.00242489191390788
2019Q3,SO19,SM6,0.0015569928357804614,0.004461426226143515
2019Q4,SO19,SM6,0.0013443863888183462,0.0038522211247928
2020Q3,SO19,SM6,0.0007802507927672608,0.002235740120201784
2021Q4,SO19,SM6,0.0014814456871210095,0.004244952506679871
2022Q1,SO19,SM6,0.0006901135886332991,0.0019774598781652623
2022Q2,SO19,SM6,0.0006305243131490923,0.001806712042765705
2022Q3,SO19,SM6,0.0012060980369295142,0.0034559679977976864
2022Q4,SO19,SM6,0.0005293256267396191,0.00151673609475681
2023Q3,SO19,SM6,0.00040534980209616233,0.001161494257568244
2019Q3,SO21,SM6,0.00339797345865326,0.0013983032149138038
2019Q1,SO22,SM6,0.0015913347237946688,0.002694191809992145
2019Q2,SO22,SM6,0.0021012019793344547,0.0035574169778454607
2019Q4,SO22,SM6,0.0029862982528354805,0.005055919521317088
2022Q2,SO22,SM6,0.0012098317585552856,0.0020482923967092568
2023Q1,SO22,SM6,0.0035590727337577164,0.006025649077518432
2023Q3,SO22,SM6,0.005587101028527304,0.009459180150837469
2019Q1,SO23,SM6,0.003005392953332893,0.005830476235724393
2019Q2,SO23,SM6,0.002454850757400131,0.004762421828200153
2019Q3,SO23,SM6,0.0018100871719810296,0.00351157748910047
2019Q4,SO23,SM6,0.001859013194924371,0.003606494199996232
2020Q1,SO23,SM6,0.0016953701415250088,0.003289025919208433
2020Q3,SO23,SM6,0.0012250830197321019,0.0023766667268638932
2023Q1,SO23,SM6,0.0007120771262609574,0.0013814329197994765
2020Q1,SO30,SM6,0.0010430666878850179,0.0023187851419430197
2023Q3,SO30,SM6,0.0010039983187268141,0.002231934363391481
2019Q1,SO31,SM6,0.0005681573168328764,0.001027724745803122
2019Q2,SO31,SM6,0.0014880804139764741,0.002691749309352697
2019Q3,SO31,SM6,0.0010580607214595113,0.0019138980591991593
2020Q3,SO31,SM6,0.0008146634206928268,0.0014736231183535287
2022Q1,SO31,SM6,0.00041993963400243495,0.0007596176988683551
2021Q3,SO32,SM6,0.005570215305993403,0.002317535490453069
2019Q2,SO40,SM6,0.0011438931577458294,0.0024620974469041247
2020Q3,SO40,SM6,0.0010316018811001148,0.002220403488279668
2019Q1,SO50,SM6,0.0013854688110074664,0.0049534480991411745
2019Q3,SO50,SM6,0.0010524192991084984,0.0037627006362400046
2019Q4,SO50,SM6,0.0009209344085644033,0.0032926044666569264
2022Q4,SO50,SM6,0.0008618964852606509,0.0030815269695362497
2022Q3,SO51,SM6,0.0031566391093986942,0.0038208094305226883
2019Q3,SP1,SM6,0.0015323977805234768,0.004032454951047888
2019Q1,SP10,SM6,0.0003908060780599407,0.0014166503708798904
2019Q2,SP10,SM6,0.001283078720276827,0.004651089240913681
2019Q3,SP10,SM6,0.0004505865587254849,0.0016333512997053431
2019Q4,SP10,SM6,0.0003585575251871517,0.001299751154229096
2020Q3,SP10,SM6,0.00025176749222891205,0.0009126432040468004
2021Q3,SP10,SM6,0.00032289294484776017,0.0011704690273597045
2022Q2,SP10,SM6,0.0005226678722409512,0.001894642065785836
2022Q3,SP10,SM6,0.0007202960300794425,0.0026110331835700056
2022Q4,SP10,SM6,0.0005094581880467038,0.0018467576927845629
2023Q1,SP10,SM6,0.0005030805587856613,0.0018236391402204847
2020Q3,SP11,SM6,0.0043954336713076785,0.0028897054658288965
2020Q4,SP11,SM6,0.005561921788704432,0.0036565938642751437
2022Q2,SP11,SM6,0.005850239013188022,0.0038461432743644055
2023Q1,SP11,SM6,0.012976521505068929,0.00853120031486855
2023Q3,SP11,SM6,0.0052835405788494326,0.0034735767233378943
2019Q1,SP4,SM6,0.0011932866882229552,0.002015233434566029
2019Q2,SP4,SM6,0.0009622845749495113,0.0016251149603397626
2020Q1,SP4,SM6,0.0008928292220214879,0.001507818127305802
2020Q3,SP4,SM6,0.0043797906499895315,0.0073966303666746875
2021Q4,SP4,SM6,0.002781644841575479,0.004697667160084552
2022Q1,SP4,SM6,0.002284526141199605,0.0038581285681998367
2022Q3,SP4,SM6,0.0014704354088655267,0.002483284719892825
2022Q2,SP5,SM6,0.006823473936028057,0.0021808122569844284
2019Q1,SS0,SM6,0.0012381082694207387,0.0011676857126775425
2019Q2,SS0,SM6,0.0011055463050779334,0.0010426637613420722
2020Q2,SS0,SM6,0.0010061097748053432,0.0009488830972553557
2022Q2,SS0,SM6,0.0017227032558370086,0.0016247173439565962
2023Q1,SS0,SM6,0.0015886958180075029,0.0014983321364502708
2020Q3,SS1,SM6,0.0029460570081963565,0.003315950228582814
2019Q2,SS12,SM6,0.0007114205479471671,0.001167572107996638
2019Q3,SS12,SM6,0.0006309855514290831,0.0010355634687855366
2020Q2,SS12,SM6,0.0009788219176109867,0.0016064269903309618
2020Q3,SS12,SM6,0.0010951480894256511,0.0017973396565910786
2020Q4,SS12,SM6,0.00043592030169761954,0.0007154254779964805
2021Q1,SS12,SM6,0.0016623117245125026,0.002728159609582609
2021Q3,SS12,SM6,0.0013304654479998565,0.002183538769326138
2022Q1,SS12,SM6,0.00046388565332697063,0.0007613217690819236
2022Q2,SS12,SM6,0.0008381645054554388,0.0013755822787328911
2019Q3,SS13,SM6,0.00115107534812387,0.0012781662648572293
2019Q4,SS13,SM6,0.0010025742488614224,0.0011132690705242573
2020Q1,SS13,SM6,0.0006949830983739622,0.0007717165973846912
2020Q4,SS13,SM6,0.002773231172688621,0.003079425282939516
2021Q2,SS13,SM6,0.0017999683705641548,0.001998703953494415
2021Q3,SS13,SM6,0.0012185990997692128,0.0013531453542542404
2022Q3,SS13,SM6,0.0009137702845763348,0.0010146602074990972
2023Q2,SS13,SM6,0.0006810691131864369,0.0007562663607816705
2019Q1,SS14,SM6,0.0009202751528035958,0.002529635429701886
2019Q2,SS14,SM6,0.0009271151194712652,0.0025484370043915914
2019Q3,SS14,SM6,0.00034830102170262285,0.000957403448323198
2020Q2,SS14,SM6,0.0008201760635643488,0.002254484892551037
2020Q3,SS14,SM6,0.0007023467888240133,0.0019305979472921304
2020Q4,SS14,SM6,0.0004767725406539849,0.0013105435989150295
2021Q1,SS14,SM6,0.0003496442175739174,0.0009610956004525963
2021Q2,SS14,SM6,0.0007700025316335291,0.0021165688099328986
2019Q1,SS15,SM6,0.0008860908730524795,0.0010356770734664413
2020Q1,SS15,SM6,0.0032559818084116725,0.003805643205621929
2020Q2,SS15,SM6,0.0017082751208614987,0.0019966590692381326
2019Q1,SS16,SM6,0.0009320431564750574,0.0010493664375154411
2019Q3,SS16,SM6,0.0011253232978876344,0.00126697620378813
2021Q3,SS16,SM6,0.0011274422657652976,0.0012693619020871258
2019Q1,SS17,SM6,0.0010879184473674588,0.0011458736139438664
2019Q2,SS17,SM6,0.0022026937522568028,0.002320034793432969
2019Q4,SS17,SM6,0.0008088336327575048,0.0008519215021033119
2020Q4,SS17,SM6,0.001500802184691866,0.001580752332446531
2021Q2,SS17,SM6,0.0025326879514062342,0.002667608314660477
2021Q4,SS17,SM6,0.0019315365642647551,0.0020344326256389
2022Q1,SS17,SM6,0.0019256043266595196,0.002028184368189149
2022Q2,SS17,SM6,0.0012952771163868351,0.0013642786129828876
2022Q3,SS17,SM6,0.0016269431279522875,0.0017136130067644162
2020Q3,SS2,SM6,0.0074905043249944465,0.0022415339589279167
2020Q4,SS2,SM6,0.007373577897945728,0.0022065437172093115
2021Q1,SS2,SM6,0.0028988642757922863,0.000867485343387237
2023Q3,SS2,SM6,0.0021834491726321808,0.0006533973222225894
2019Q1,SS6,SM6,0.000363796289398647,0.000900771514892274
2019Q3,SS6,SM6,0.0003835254361310745,0.0009496215276812355
2019Q4,SS6,SM6,0.0010455759542137807,0.002588880270793616
2020Q1,SS6,SM6,0.00035478052815929344,0.0008784481950945272
2020Q3,SS6,SM6,0.001028186776047292,0.0025458240967307865
2021Q1,SS6,SM6,0.0002718263484099236,0.0006730509320190787
2021Q2,SS6,SM6,0.0008700094891634688,0.0021541719593123087
2021Q3,SS6,SM6,0.0008589749315142855,0.0021268500335547614
2021Q4,SS6,SM6,0.0010508294130529966,0.002601888006757188
2023Q3,SS6,SM6,0.0006503506752530108,0.001610289549481717
2019Q2,SS7,SM6,0.0010114854792912752,0.002912426402009809
2019Q4,SS7,SM6,0.0011087023466863448,0.0031923483357586503
2020Q1,SS7,SM6,0.0004650746040663081,0.001339115176162527
2020Q2,SS7,SM6,0.00039212249862252414,0.0011290601211699914
2022Q1,SS7,SM6,0.0005211794682853783,0.0015006610324088145
2022Q3,SS7,SM6,0.0006977795894137597,0.0020091555841376353
2022Q4,SS7,SM6,0.00028786293202695936,0.0008288597518796857
2023Q3,SS7,SM6,0.0005321084748878273,0.001532129529019378
2021Q1,SS8,SM6,0.0009554998620585525,0.0011354787856410991
2021Q2,SS8,SM6,0.0006881128571383152,0.0008177264931510387
2019Q2,SS9,SM6,0.0013003785576862225,0.0034226818262926497
2019Q3,SS9,SM6,0.001347921274802904,0.003547817382309025
2019Q4,SS9,SM6,0.0016205743333830907,0.004265458151583145
2020Q3,SS9,SM6,0.0011319828147622714,0.0029794531637435005
2021Q4,SS9,SM6,0.0008591355281048946,0.002261301173405311
2022Q1,SS9,SM6,0.0021684485773418687,0.005707499168645205
2022Q4,SS9,SM6,0.0008106000897047963,0.0021335527097281304
2019Q1,ST16,SM6,0.001690431892354654,0.004152932715147176
2019Q2,ST16,SM6,0.0016941543939230572,0.004162077891959993
2019Q3,ST16,SM6,0.0010290057906943305,0.00252798816182877
2020Q1,ST3,SM6,0.000997238724946374,0.003384567455849169
2022Q2,ST4,SM6,0.0006771288982952168,0.002288850308524667
2020Q4,ST5,SM6,0.0003994357600168588,0.0014956624264490135
2019Q1,SW10,SM6,0.026876391871426184,0.04134102739287245
2019Q2,SW10,SM6,0.021179212015365996,0.032577675912575425
2019Q3,SW10,SM6,0.02295024254931633,0.035301859358326367
2019Q4,SW10,SM6,0.017032233180692847,0.026198829882124703
2020Q1,SW10,SM6,0.01260120407668243,0.019383060248915045
2020Q2,SW10,SM6,0.017714071996741118,0.027247628296235626
2020Q3,SW10,SM6,0.020226653942360943,0.031112459540608838
2021Q2,SW10,SM6,0.014179322675243031,0.02181050826814328
2022Q1,SW10,SM6,0.012668449986779049,0.01948649731087865
2022Q3,SW10,SM6,0.015283876446192984,0.02350952307341146
2023Q1,SW10,SM6,0.01331114510996493,0.02047508524411015
2023Q2,SW10,SM6,0.008145026996408539,0.012528608221857382
2023Q3,SW10,SM6,0.010172559502643938,0.015647340724389874
2019Q1,SW11,SM6,0.04274622107080033,0.15597343304323774
2019Q2,SW11,SM6,0.06362298377659377,0.2321490637418761
2019Q3,SW11,SM6,0.04431826940930879,0.16170956059147093
2019Q4,SW11,SM6,0.03265657061443273,0.11915807532356038
2020Q1,SW11,SM6,0.02416454557234964,0.08817217139747922
2023Q2,SW11,SM6,0.011086471450383608,0.04045258198585832
2023Q3,SW11,SM6,0.016112327922126066,0.05879104719385592
2019Q1,SW12,SM6,0.061835641935611814,0.0839844188476348
2019Q2,SW12,SM6,0.05070266854434558,0.06886374942391847
2019Q3,SW12,SM6,0.05893991790824165,0.0800514815970593
2019Q4,SW12,SM6,0.0450365614810989,0.06116811153710298
2020Q1,SW12,SM6,0.0499958741645516,0.06790378987027491
2020Q3,SW12,SM6,0.1608710431000553,0.2184930994690623
2023Q2,SW12,SM6,0.013844470836210805,0.01880339236459952
2023Q3,SW12,SM6,0.02135388927752967,0.029002593406849308
2019Q1,SW13,SM6,0.007277600902610246,0.0071629455380540046
2019Q2,SW13,SM6,0.012678191014386844,0.01247845175523802
2019Q3,SW13,SM6,0.013770093737378251,0.013553152036595177
2019Q4,SW13,SM6,0.00831375425824385,0.008182774758534258
2020Q1,SW13,SM6,0.005426502602401497,0.0053410104680470865
2020Q2,SW13,SM6,0.00494588072729196,0.00486796057676049
2021Q1,SW13,SM6,0.003558783372794151,0.0035027163239899147
2021Q2,SW13,SM6,0.011396244122959349,0.011216701366771498
2021Q3,SW13,SM6,0.02176937770293816,0.021426410842004955
2022Q2,SW13,SM6,0.011761154319443209,0.01157586256545127
2022Q3,SW13,SM6,0.014598947168012641,0.014368947250170837
2023Q1,SW13,SM6,0.005402840862632657,0.005317721508461652
2023Q2,SW13,SM6,0.01569812154761594,0.015450804626424985
2023Q3,SW13,SM6,0.010856410186867293,0.010685372274180859
2019Q1,SW14,SM6,0.00829092674203946,0.012341274103045759
2019Q2,SW14,SM6,0.010317875868031491,0.015358444020849573
2019Q3,SW14,SM6,0.008012243656264288,0.011926446610722749
2019Q4,SW14,SM6,0.009448818138955251,0.014064827519389323
2020Q1,SW14,SM6,0.007471210000216037,0.011121103027790308
2020Q2,SW14,SM6,0.013377360518452465,0.019912571666611208
2023Q2,SW14,SM6,0.007893947399122973,0.011750359355320678
2023Q3,SW14,SM6,0.007849109301658119,0.011683616605289248
2019Q1,SW15,SM6,0.015886999778931384,0.014891187968289109
2019Q3,SW15,SM6,0.030897529345995562,0.02896084368661688
2019Q4,SW15,SM6,0.017362570074772824,0.016274268155961703
2020Q1,SW15,SM6,0.023116742760745,0.021667763986586697
2020Q2,SW15,SM6,0.02162202259371846,0.020266734259331183
2020Q3,SW15,SM6,0.044650772908385115,0.04185202124758117
2022Q2,SW15,SM6,0.01579609849166036,0.014805984457610687
2022Q3,SW15,SM6,0.030166016386896536,0.028275182635017392
2023Q1,SW15,SM6,0.02799129399022456,0.026236773845546832
2023Q2,SW15,SM6,0.01686055256560405,0.015803717567655005
2023Q3,SW15,SM6,0.027432311674365942,0.025712829057214996
2019Q1,SW16,SM6,0.12915765579367522,0.3141546594551748
2019Q2,SW16,SM6,0.2063396832329262,0.5018871898827302
2019Q3,SW16,SM6,0.21778202796444388,0.5297188030411557
2019Q4,SW16,SM6,0.15195180563406993,0.3695976630980924
2020Q1,SW16,SM6,0.1634572268475975,0.3975826993780796
2023Q2,SW16,SM6,0.14736821680400394,0.3584488405281613
2019Q1,SW17,SM6,0.1307257896666972,0.36169742318096776
2019Q2,SW17,SM6,0.1541518946978819,0.426513721835959
2019Q3,SW17,SM6,0.15843241420643922,0.43835723702962137
2019Q4,SW17,SM6,0.15893980514212386,0.4397611068738994
2020Q1,SW17,SM6,0.1495683571755392,0.4138318040972209
2023Q2,SW17,SM6,0.12710973364284026,0.3516923725383839
2023Q3,SW17,SM6,0.08951353318042174,0.24766967844471696
2019Q1,SW18,SM6,0.041714818769702934,0.1827949301814004
2019Q2,SW18,SM6,0.04382033546556794,0.1920213343410644
2019Q3,SW18,SM6,0.03820841987942292,0.1674298402867179
2019Q4,SW18,SM6,0.036371073653323684,0.15937856294633068
2020Q1,SW18,SM6,0.032656274886669716,0.14310026182419686
2022Q1,SW18,SM6,0.022374695814499284,0.09804623584298017
2023Q1,SW18,SM6,0.027064179130777598,0.1185956185484019
2023Q2,SW18,SM6,0.011115852633371396,0.04870982461272552
2023Q3,SW18,SM6,0.010667903729480444,0.046746906133716036
2019Q1,SW19,SM6,0.12093966631766633,0.6006038637500686
2019Q2,SW19,SM6,0.17717989566712816,0.8799009717539348
2019Q3,SW19,SM6,0.16529575301569996,0.8208826015935888
2019Q4,SW19,SM6,0.17768644662039226,0.8824165770055451
2020Q1,SW19,SM6,0.14159298409147156,0.7031712250790076
2020Q3,SW19,SM6,0.2789896258311574,1.3855028074928823
2021Q3,SW19,SM6,0.18360199913956848,0.9117940658593792
2022Q1,SW19,SM6,0.13909254143576974,0.6907536654327344
2023Q2,SW19,SM6,0.0959243508653175,0.4763741914592264
2023Q3,SW19,SM6,0.14124452800297627,0.7014407417771289
2019Q2,SW1A,SM6,0.04181912574608428,0.01629397856809864
2019Q4,SW1A,SM6,0.0337755619682933,0.013159966235984488
2021Q3,SW1A,SM6,0.0098418267132144,0.0038346692015930454
2023Q2,SW1A,SM6,0.0037933361637387405,0.0014779968985683546
2019Q3,SW1H,SM6,0.012767033588843004,0.0014734527113321714
2019Q1,SW1P,SM6,0.043477626294898465,0.030805272483442895
2019Q2,SW1P,SM6,0.026106826491276058,0.018497511761263984
2019Q3,SW1P,SM6,0.033950891786557184,0.02405527996047697
2019Q4,SW1P,SM6,0.01656550120696753,0.01173718121233575
2020Q1,SW1P,SM6,0.015084617615388759,0.010687928379501213
2020Q3,SW1P,SM6,0.021176747596314608,0.015004395032810503
2021Q4,SW1P,SM6,0.009672161253421598,0.006853031968546358
2022Q3,SW1P,SM6,0.006916188146681486,0.004900337910818291
2023Q1,SW1P,SM6,0.013916153001526668,0.009860034267409216
2023Q2,SW1P,SM6,0.003707500139462525,0.0026268810365561923
2019Q1,SW1V,SM6,0.028387010458862837,0.06850782595864448
2019Q2,SW1V,SM6,0.01870224391173506,0.04513508292104211
2019Q3,SW1V,SM6,0.018111048903215087,0.04370832173356171
2019Q4,SW1V,SM6,0.022744414449525147,0.054890260067976406
2020Q1,SW1V,SM6,0.025690998345998747,0.06200140187153794
2020Q2,SW1V,SM6,0.008786252754220302,0.021204313690836536
2021Q3,SW1V,SM6,0.02490913247339643,0.060114484924053614
2022Q3,SW1V,SM6,0.009624253673216444,0.02322670422029955
2022Q4,SW1V,SM6,0.009721295516521159,0.02346090026998431
2023Q2,SW1V,SM6,0.008274399985278355,0.019969033193020774
2023Q3,SW1V,SM6,0.0077513202070576435,0.01870665797880928
2019Q2,SW1W,SM6,0.02560188236869944,0.017293472550696982
2019Q3,SW1W,SM6,0.013589390023531605,0.00917931501942908
2019Q4,SW1W,SM6,0.00952580072577282,0.0064344555217534976
2020Q1,SW1W,SM6,0.004900727543711827,0.003310326796878038
2022Q4,SW1W,SM6,0.009641595739803692,0.0065126723445562895
2023Q1,SW1W,SM6,0.00845303602425369,0.0057098280646037496
2023Q3,SW1W,SM6,0.006692649078921603,0.004520727869575696
2019Q2,SW1X,SM6,0.019502504725862832,0.011635277813564356
2019Q3,SW1X,SM6,0.010618895698478473,0.006335278635323816
2019Q4,SW1X,SM6,0.006251925779512506,0.003729925685799039
2020Q1,SW1X,SM6,0.01324534242890765,0.007902227999040442
2021Q4,SW1X,SM6,0.00953655514778178,0.005689549629062284
2022Q1,SW1X,SM6,0.006879831825593142,0.004104537121081832
2023Q1,SW1X,SM6,0.01908986715138012,0.01138909647004417
2019Q1,SW1Y,SM6,0.015865630366832157,0.0023059478130008034
2019Q2,SW1Y,SM6,0.015345061353909197,0.002230287095518365
2019Q4,SW1Y,SM6,0.021237808783978542,0.003086752784857859
2020Q1,SW1Y,SM6,0.08372524039601979,0.012168822197432632
2019Q1,SW2,SM6,0.08851927478832758,0.2393861931365608
2019Q2,SW2,SM6,0.06366544970831997,0.1721730061215047
2019Q3,SW2,SM6,0.07108564654008917,0.1922397393401034
2019Q4,SW2,SM6,0.05049400328914701,0.13655294005196467
2020Q1,SW2,SM6,0.04573274200334508,0.1236768719135607
2023Q2,SW2,SM6,0.019378338894291216,0.05240561209191273
2023Q3,SW2,SM6,0.01979869482071129,0.05354239733138424
2019Q1,SW20,SM6,0.1008454513741752,0.15838406756969214
2019Q2,SW20,SM6,0.10184022142530123,0.15994641594383213
2019Q3,SW20,SM6,0.08328068030492118,0.13079749970797774
2019Q4,SW20,SM6,0.09254952846716756,0.14535480351908833
2020Q1,SW20,SM6,0.11969588271528628,0.1879898450298042
2020Q2,SW20,SM6,0.15383669467172986,0.2416101183699485
2020Q3,SW20,SM6,0.1152389656841877,0.1809899790111887
2021Q2,SW20,SM6,0.07947169293991686,0.12481524761856486
2021Q3,SW20,SM6,0.08780182971597976,0.1378982466832365
2021Q4,SW20,SM6,0.07937874405675402,0.12466926560360247
2022Q1,SW20,SM6,0.05020263213514694,0.07884636314202371
2022Q2,SW20,SM6,0.062028659590789736,0.09741987643481284
2022Q4,SW20,SM6,0.061915565755128174,0.09724225551621857
2023Q1,SW20,SM6,0.08358954546531443,0.13128259169544024
2023Q2,SW20,SM6,0.04394608729186941,0.06902006946484315
2023Q3,SW20,SM6,0.04112145391637603,0.06458380667552
2019Q1,SW3,SM6,0.014155057945973118,0.04414320045206438
2019Q2,SW3,SM6,0.01640444110626268,0.051158005486218835
2019Q3,SW3,SM6,0.011153002529052554,0.03478115230340032
2020Q1,SW3,SM6,0.009330618756808405,0.029097964536468682
2020Q3,SW3,SM6,0.007621145840960342,0.023766894478000747
2022Q1,SW3,SM6,0.005476677430282243,0.017079270924851432
2022Q2,SW3,SM6,0.010457068023296502,0.03261084847939955
2022Q3,SW3,SM6,0.004807918758974161,0.014993716192805475
2023Q1,SW3,SM6,0.004793729767663861,0.01494946716959315
2023Q2,SW3,SM6,0.0022884894046325873,0.007136759659105501
2023Q3,SW3,SM6,0.001494907681399614,0.004661938487940067
2019Q1,SW4,SM6,0.0434521264195354,0.18548491861819907
2019Q2,SW4,SM6,0.04628560407522907,0.19758023858708645
2019Q3,SW4,SM6,0.04805484265576404,0.20513262097128127
2019Q4,SW4,SM6,0.04540461084647826,0.19381952603276226
2020Q1,SW4,SM6,0.038127830594812034,0.162756995749411
2023Q1,SW4,SM6,0.020204055491431224,0.08624543600933783
2023Q2,SW4,SM6,0.00685875191204644,0.029278084758042867
2023Q3,SW4,SM6,0.013602361400959663,0.05806465886415215
2019Q2,SW5,SM6,0.04056664429500666,0.06262355790651178
2019Q3,SW5,SM6,0.012693390654726477,0.019595046583482958
2019Q4,SW5,SM6,0.013498775876733824,0.020838336211302492
2020Q1,SW5,SM6,0.01633168012757199,0.025211548402723608
2020Q3,SW5,SM6,0.02102368929169238,0.03245469884549623
2021Q2,SW5,SM6,0.008161700542702488,0.012599383938060923
2023Q3,SW5,SM6,0.009414080450242788,0.01453270839769476
2019Q1,SW6,SM6,0.015614135957903312,0.094618214596685
2019Q2,SW6,SM6,0.017227062530864017,0.104392193318309
2019Q3,SW6,SM6,0.020695074943862,0.12540758242480124
2019Q4,SW6,SM6,0.017449424617013685,0.10573965843851801
2020Q1,SW6,SM6,0.015355122840776272,0.09304865232530757
2020Q3,SW6,SM6,0.020960555889985043,0.12701633831109074
2022Q2,SW6,SM6,0.01825403191778214,0.11061540093592047
2023Q2,SW6,SM6,0.009600807867011594,0.058178774766120774
2023Q3,SW6,SM6,0.00948694595568624,0.057488796736646926
2019Q1,SW7,SM6,0.00588004581500651,0.0172915412711216
2019Q2,SW7,SM6,0.008316002984873077,0.02445499803023968
2019Q3,SW7,SM6,0.007740043751088176,0.02276126584263356
2019Q4,SW7,SM6,0.008271847011688009,0.024325147879965762
2020Q2,SW7,SM6,0.003932701723744236,0.011564956516084432
2021Q3,SW7,SM6,0.005177394092979771,0.015225242532488975
2022Q4,SW7,SM6,0.00311875222503668,0.009171362691765758
2023Q1,SW7,SM6,0.002334143462666882,0.0068640516225941025
2023Q2,SW7,SM6,0.0014495753121812865,0.0042627884415818865
2023Q3,SW7,SM6,0.0017640948709618726,0.005187700951166381
2019Q1,SW8,SM6,0.06235018688593745,0.21329017549065474
2019Q2,SW8,SM6,0.05331721951388012,0.1823898158892947
2019Q3,SW8,SM6,0.047122523874206235,0.16119873714378358
2019Q4,SW8,SM6,0.04511774570284284,0.1543407065692774
2020Q1,SW8,SM6,0.03334731422070168,0.11407591312095433
2022Q1,SW8,SM6,0.01821233909361492,0.0623015454384878
2022Q3,SW8,SM6,0.01168167893047066,0.039961184938605634
2023Q1,SW8,SM6,0.01995125812469837,0.06825011374001247
2023Q2,SW8,SM6,0.005719118121919975,0.01956420291261737
2023Q3,SW8,SM6,0.007397396494687116,0.025305329066810326
2019Q1,SW9,SM6,0.050001715676388135,0.15575406240441106
2019Q2,SW9,SM6,0.058569949699681725,0.1824438917174053
2019Q3,SW9,SM6,0.06792111423977586,0.2115725295177182
2019Q4,SW9,SM6,0.05095518226383312,0.15872408637963947
2020Q1,SW9,SM6,0.05221348754813045,0.1626436750802087
2020Q3,SW9,SM6,0.021868625183953997,0.06812020678739811
2023Q1,SW9,SM6,0.013491934240862412,0.04202702925851465
2023Q2,SW9,SM6,0.009659540875708769,0.030089222179701437
2023Q3,SW9,SM6,0.01038348035438542,0.032344275095657
2019Q3,SY1,SM6,0.0002320996481998729,0.0007073027433118043
2019Q4,SY3,SM6,0.0009799351233108493,0.0016029620475633724
2021Q3,SY3,SM6,0.0004664935664974468,0.0007630826416359444
2019Q1,TA1,SM6,0.0009479702165149645,0.004266310186689929
2019Q3,TA1,SM6,0.0010542426405317931,0.004744585893298136
2019Q4,TA1,SM6,0.0005774555752515397,0.002598820680372765
2020Q1,TA1,SM6,0.0010110394923833839,0.004550151481929977
2020Q3,TA1,SM6,0.0009902646218451774,0.0044566548295455225
2021Q3,TA1,SM6,0.0007586992817695523,0.0034145022892675216
2023Q1,TA18,SM6,0.002602122568947849,0.0008342559742226525
2022Q2,TA20,SM6,0.002386163699223296,0.00228941833192919
2019Q1,TN1,SM6,0.0018845587822543767,0.002638411911668005
2019Q2,TN1,SM6,0.0032741312969141144,0.004583835269818181
2019Q4,TN1,SM6,0.00120878080905304,0.0016923121290948106
2020Q2,TN1,SM6,0.00341666299839444,0.004783381891827043
2020Q3,TN1,SM6,0.004989542722643733,0.006985438224140625
2021Q1,TN1,SM6,0.008370014921800924,0.011718152428284235
2021Q3,TN1,SM6,0.0014549350455691607,0.0020369319286188004
2021Q4,TN1,SM6,0.002008508212377461,0.0028119430617497237
2022Q1,TN1,SM6,0.0013743172001830502,0.0019240656781401176
2019Q1,TN10,SM6,0.0025463566782873304,0.0011626871067177418
2019Q2,TN10,SM6,0.006229237593852156,0.002844320395807524
2019Q3,TN10,SM6,0.0017486997814590358,0.0007984704997377153
2021Q4,TN10,SM6,0.00866238969071189,0.00395531737271369
2022Q2,TN10,SM6,0.003966887574245268,0.00181131303234234
2022Q3,TN10,SM6,0.015541371821702874,0.007096316392703478
2023Q1,TN10,SM6,0.020209381396965653,0.009227767415834877
2023Q2,TN10,SM6,0.008441329755330748,0.003854379613729985
2023Q3,TN10,SM6,0.005601636370443119,0.0025577525882257658
2019Q2,TN11,SM6,0.0029816326000859012,0.002087258802259521
2019Q4,TN11,SM6,0.00484716123200706,0.003393201411597916
2020Q1,TN11,SM6,0.0017219078377625565,0.0012054024667378573
2021Q3,TN11,SM6,0.00583936183707565,0.004087780430648409
2022Q1,TN11,SM6,0.0036543783652661158,0.002558207006949384
2022Q2,TN11,SM6,0.006191111070226806,0.004334018576509047
2022Q3,TN11,SM6,0.006520789763258674,0.004564806485766666
2023Q2,TN11,SM6,0.005782238086178669,0.004047791582970003
2023Q3,TN11,SM6,0.006253022180929074,0.004377358762274138
2019Q3,TN12,SM6,0.002636971434887121,0.0016592531669515833
2019Q4,TN12,SM6,0.006648623675308496,0.004183492374310503
2020Q4,TN12,SM6,0.007249030953848575,0.004561284740658624
2021Q1,TN12,SM6,0.0043369067020932895,0.002728898040008489
2021Q2,TN12,SM6,0.0031831244998649405,0.002002907326687884
2021Q3,TN12,SM6,0.005530318853995235,0.003479824980787645
2021Q4,TN12,SM6,0.002730043139018052,0.0017178163799578849
2022Q1,TN12,SM6,0.0040472198945703435,0.0025466193294971192
2022Q3,TN12,SM6,0.0031217387008261113,0.001964281735180333
2019Q1,TN13,SM6,0.0028707934399515066,0.0047279996098860706
2019Q2,TN13,SM6,0.0053973786222895285,0.008889111862058374
2019Q3,TN13,SM6,0.0029097324302165997,0.004792129452256696
2019Q4,TN13,SM6,0.010315521398933828,0.016988955203532302
2020Q2,TN13,SM6,0.004891171748843324,0.008055423911240244
2020Q3,TN13,SM6,0.020324566387331242,0.03347316480980563
2021Q3,TN13,SM6,0.023084371633595356,0.03801837448811626
2021Q4,TN13,SM6,0.008638247673883591,0.01422660058499742
2022Q2,TN13,SM6,0.008523258662773031,0.014037221581929514
2022Q3,TN13,SM6,0.004534823079738862,0.007468542129687276
2022Q4,TN13,SM6,0.005840745070347779,0.009619305948572448
2023Q1,TN13,SM6,0.006156361279307799,0.010139104166051271
2023Q2,TN13,SM6,0.0012282164591055926,0.002022788145846182
2023Q3,TN13,SM6,0.003703066933385475,0.006098696887340065
2019Q1,TN14,SM6,0.009327890690370023,0.01003617832515174
2019Q2,TN14,SM6,0.008806289884302447,0.009474971201483202
2019Q3,TN14,SM6,0.013250297075835887,0.01425642181373487
2019Q4,TN14,SM6,0.0076219181754643905,0.008200667495776727
2020Q1,TN14,SM6,0.007298451764657098,0.0078526395558256
2021Q2,TN14,SM6,0.011108935709954616,0.011952462082649893
2021Q3,TN14,SM6,0.013973358274206487,0.01503438666856931
2022Q1,TN14,SM6,0.008768542457547558,0.00943435752805982
2023Q1,TN14,SM6,0.012464833837711051,0.013411316592485829
2023Q2,TN14,SM6,0.012750394440951893,0.013718560451992216
2023Q3,TN14,SM6,0.003714663554304335,0.003996726278903403
2019Q1,TN15,SM6,0.0073111902626797325,0.00470283617306571
2019Q3,TN15,SM6,0.007477383782353658,0.004809738177796902
2019Q4,TN15,SM6,0.0052383632237285975,0.0033695148356293154
2020Q1,TN15,SM6,0.0022683384377598873,0.0014590817191977446
2020Q2,TN15,SM6,0.003075286568886521,0.001978141506250689
2020Q4,TN15,SM6,0.012821803550783842,0.008247472624309407
2021Q2,TN15,SM6,0.003006937055481836,0.0019341764947406238
2021Q3,TN15,SM6,0.017446963904897278,0.01122255200783808
2021Q4,TN15,SM6,0.009059136345796451,0.00582718169997816
2022Q1,TN15,SM6,0.013525344343154808,0.008700016870692731
2022Q3,TN15,SM6,0.008585281708936581,0.005522380341111221
2022Q4,TN15,SM6,0.004422142871791251,0.002844490802828881
2023Q1,TN15,SM6,0.006179537789448412,0.003974914180169728
2023Q2,TN15,SM6,0.0038289856605002014,0.0024629494820109085
2023Q3,TN15,SM6,0.012422479907869127,0.007990612440784192
2019Q2,TN16,SM6,0.028235176614618523,0.009911269978497173
2019Q3,TN16,SM6,0.032924668773298804,0.011557401804804279
2019Q4,TN16,SM6,0.033962894504495925,0.011921845621146114
2020Q1,TN16,SM6,0.0428779459709615,0.015051256963683637
2023Q2,TN16,SM6,0.022284311392552717,0.007822363908364535
2023Q3,TN16,SM6,0.025578768634049332,0.008978802757632525
2019Q3,TN17,SM6,0.0036612652021201226,0.002256700183828676
2021Q4,TN17,SM6,0.0041507978043417255,0.002558434216311193
2019Q1,TN2,SM6,0.002997121157024834,0.003160652629786277
2019Q2,TN2,SM6,0.003385260816236612,0.003569970295085415
2019Q3,TN2,SM6,0.002197896030271523,0.0023178195021553304
2019Q4,TN2,SM6,0.002869087855616786,0.003025633466531205
2020Q3,TN2,SM6,0.003743398561740236,0.003947649056752632
2019Q3,TN21,SM6,0.003937985519127104,0.003240062301738566
2022Q1,TN21,SM6,0.004012753463539275,0.003301579236448387
2023Q3,TN21,SM6,0.001889564763214334,0.0015546800581789338
2019Q1,TN22,SM6,0.002525573560302028,0.0037871824449749385
2019Q2,TN22,SM6,0.002306778652553696,0.0034590921265225624
2019Q3,TN22,SM6,0.00515179429336848,0.007725288708531588
2019Q4,TN22,SM6,0.005541428022783186,0.00830955758242375
2022Q1,TN22,SM6,0.004212824734285094,0.006317272293400443
2022Q2,TN22,SM6,0.004758902883540625,0.007136134833360527
2022Q3,TN22,SM6,0.0033887452297724626,0.005081537376861067
2022Q4,TN22,SM6,0.00676786893832469,0.010148646959247257
2023Q2,TN22,SM6,0.0016014529631018376,0.0024014325473010888
2023Q3,TN22,SM6,0.001142612464910089,0.0017133857974026073
2019Q1,TN23,SM6,0.002961761460704248,0.00788569851796883
2019Q2,TN23,SM6,0.002748078223362709,0.00731676627599878
2019Q3,TN23,SM6,0.003969204535159332,0.010568018638806449
2019Q4,TN23,SM6,0.00256607625673325,0.006832185509600371
2020Q1,TN23,SM6,0.0023899198578984783,0.006363168584485886
2020Q3,TN23,SM6,0.005269715364342922,0.01403063251043705
2021Q3,TN23,SM6,0.002452557036895557,0.006529940256053782
2021Q4,TN23,SM6,0.003219243788127873,0.00857124596488741
2022Q1,TN23,SM6,0.0023843516345612033,0.00634834317362784
2022Q2,TN23,SM6,0.004363737692922618,0.01161846432079048
2022Q3,TN23,SM6,0.0025103086866043785,0.006683704191658109
2022Q4,TN23,SM6,0.002559355987188264,0.006814292772357903
2023Q1,TN23,SM6,0.0011652094023445287,0.0031023734284822365
2023Q2,TN23,SM6,0.003079739526049566,0.008199815460669942
2023Q3,TN23,SM6,0.002704961827329638,0.0072019687459447205
2019Q2,TN24,SM6,0.0013565083835506688,0.00368760794216209
2019Q3,TN24,SM6,0.0005670296981579559,0.0015414451128535525
2019Q4,TN24,SM6,0.00106861601588953,0.0029049852954105607
2020Q1,TN24,SM6,0.001275498170934742,0.003467385268228595
2020Q2,TN24,SM6,0.001334004385875313,0.003626431821494982
2020Q3,TN24,SM6,0.002860264373060696,0.007775501977491403
2021Q2,TN24,SM6,0.002330218960775886,0.006334597007238389
2021Q3,TN24,SM6,0.0016664450571983436,0.004530157058090774
2022Q4,TN24,SM6,0.0013090556642185126,0.0035586098269949594
2023Q1,TN24,SM6,0.0020921822462748206,0.005687504744806002
2023Q2,TN24,SM6,0.0003860783333774754,0.0010495368445367981
2023Q3,TN24,SM6,0.0008642203749792923,0.0023493448011063464
2019Q2,TN25,SM6,0.005206383775234226,0.0028434115583602874
2019Q4,TN25,SM6,0.007873019949536642,0.004299766765216323
2020Q3,TN25,SM6,0.004373183479109703,0.002388368008997064
2021Q3,TN25,SM6,0.004865240725516533,0.002657099881676805
2022Q1,TN25,SM6,0.002218573900465885,0.0012116507241876082
2022Q3,TN25,SM6,0.0027448494588718387,0.0014990705668761508
2022Q4,TN25,SM6,0.004064074593816721,0.002219551453172884
2021Q3,TN26,SM6,0.00680279810912303,0.0011777965292780487
2021Q3,TN3,SM6,0.0119715083625384,0.001861639905983061
2023Q1,TN3,SM6,0.019756970290870108,0.00307232499038298
2023Q3,TN3,SM6,0.0459226827011256,0.007141247044001231
2020Q3,TN31,SM6,0.02289406416841096,0.005327548313359897
2019Q2,TN33,SM6,0.005299706406160243,0.0018722051413071848
2019Q1,TN34,SM6,0.002806695677786189,0.005591849603484361
2019Q2,TN34,SM6,0.0020665609839975426,0.004117260845343144
2019Q3,TN34,SM6,0.0026798806116085346,0.005339192793152614
2019Q4,TN34,SM6,0.002292478831207913,0.004567362591087019
2020Q1,TN34,SM6,0.002456756801377797,0.004894657676773061
2021Q2,TN34,SM6,0.0064703339014585606,0.01289100715394293
2021Q3,TN34,SM6,0.0034961955789643323,0.006965557404982327
2022Q2,TN34,SM6,0.0016831506849963982,0.003353382970940867
2022Q3,TN34,SM6,0.0037578656952814422,0.007486889285653362
2022Q4,TN34,SM6,0.005366831847410427,0.010692472566737395
2023Q1,TN34,SM6,0.003965479749217071,0.007900523928826873
2023Q2,TN34,SM6,0.0036834245671812055,0.007338578374732456
2023Q3,TN34,SM6,0.00529752262396666,0.0105543860770979
2020Q1,TN37,SM6,0.004162179829133634,0.002525204847146609
2019Q1,TN38,SM6,0.002415004093455118,0.0050391628308836655
2019Q2,TN38,SM6,0.0015588065513834,0.0032526156189785203
2019Q3,TN38,SM6,0.0027042416263468893,0.005642687698189153
2020Q1,TN38,SM6,0.0022593466616362802,0.0047143670481775216
2020Q2,TN38,SM6,0.0024657465651078485,0.005145042393486718
2020Q4,TN38,SM6,0.00315139604660856,0.0065757229424583214
2021Q1,TN38,SM6,0.0008607164531738387,0.0017959764004202238
2021Q3,TN38,SM6,0.00393915658560358,0.008219469070466433
2022Q3,TN38,SM6,0.005973946032291697,0.012465273612253087
2023Q2,TN38,SM6,0.0006459592863989504,0.0013478627365921785
2023Q3,TN38,SM6,0.0009711847739714678,0.002026480297975581
2019Q3,TN39,SM6,0.006014855328274203,0.0023549682328111218
2020Q3,TN39,SM6,0.016292004360915803,0.006378732425769811
2021Q2,TN39,SM6,0.011213347721306386,0.004390309695897258
2021Q3,TN39,SM6,0.015960207305131455,0.006248825473155443
2021Q4,TN39,SM6,0.004264324818832189,0.0016695911929138984
2022Q1,TN39,SM6,0.0045037061664684646,0.0017633150546601626
2022Q2,TN39,SM6,0.009596000288912918,0.0037570772045352288
2023Q2,TN39,SM6,0.011114693590159314,0.004351684104389708
2023Q3,TN39,SM6,0.005980761621186614,0.0023416196828048358
2019Q1,TN4,SM6,0.005876374708850109,0.011370238093014013
2019Q2,TN4,SM6,0.0041779177060963174,0.008083881883806838
2019Q3,TN4,SM6,0.004810934650758583,0.009308710750979377
2019Q4,TN4,SM6,0.004955075688568337,0.009587610242600077
2020Q1,TN4,SM6,0.0035295766022208773,0.006829402194918209
2020Q2,TN4,SM6,0.004074024603691284,0.007882858400946215
2020Q3,TN4,SM6,0.004892458003507603,0.00946645085041536
2021Q2,TN4,SM6,0.0067890428808394035,0.013136166055334979
2022Q1,TN4,SM6,0.008117077966060919,0.015705790332715273
2022Q4,TN4,SM6,0.002577717333393289,0.0049876431080934465
2023Q2,TN4,SM6,0.002035970141592639,0.003939412717387051
2023Q3,TN4,SM6,0.0011677479026469216,0.0022594834985108377
2019Q1,TN40,SM6,0.002940852232247756,0.0040509725140353324
2019Q2,TN40,SM6,0.006231965956996772,0.008584424107872338
2019Q3,TN40,SM6,0.0032848458007014307,0.004524817638088261
2020Q1,TN40,SM6,0.0017848738452348226,0.002458632504136535
2020Q3,TN40,SM6,0.012409458705658936,0.017093812324007213
2020Q4,TN40,SM6,0.005377095342322456,0.007406854787956099
2021Q2,TN40,SM6,0.007453510128454844,0.01026707983909026
2021Q4,TN40,SM6,0.007573507884892172,0.0104323746498064
2022Q1,TN40,SM6,0.003021098154593818,0.004161509868555471
2022Q4,TN40,SM6,0.00584475670168869,0.008051050131025419
2023Q1,TN40,SM6,0.0027224233264578827,0.0037500905166595994
2023Q3,TN40,SM6,0.0024018520004978165,0.003308509121983565
2019Q1,TN6,SM6,0.004201251484544822,0.006006393084105108
2019Q3,TN6,SM6,0.0032165943422411557,0.0045986606806762255
2019Q4,TN6,SM6,0.0040008078222391295,0.00571982527652335
2020Q3,TN6,SM6,0.008208972527248014,0.011736101967867157
2020Q4,TN6,SM6,0.006926292013099946,0.009902295208705713
2022Q2,TN6,SM6,0.00581838883700594,0.008318361945193855
2022Q4,TN6,SM6,0.003479455644483865,0.004974464965108518
2023Q1,TN6,SM6,0.0021620501034071192,0.00309101296039178
2023Q2,TN6,SM6,0.002296500322087489,0.0032832320804823
2023Q3,TN6,SM6,0.0027416084189776147,0.003919588700569205
2019Q1,TN8,SM6,0.014529744098755256,0.008375448297348397
2019Q2,TN8,SM6,0.0411398033475258,0.023714409115422837
2019Q3,TN8,SM6,0.0148671478369572,0.008569939511057006
2020Q1,TN8,SM6,0.017451282074868325,0.010059524087077628
2020Q2,TN8,SM6,0.014054777387851823,0.008101661016368401
2020Q3,TN8,SM6,0.044419537173044255,0.025604961412696102
2020Q4,TN8,SM6,0.027986181679842424,0.016132205502490546
2021Q2,TN8,SM6,0.035405122287829494,0.020408740110461888
2021Q3,TN8,SM6,0.0310589798014403,0.017903472884814028
2021Q4,TN8,SM6,0.024443738051156214,0.014090218165571497
2022Q2,TN8,SM6,0.0185482383872702,0.010691847740992421
2023Q2,TN8,SM6,0.020612471304283703,0.011881743168786804
2023Q3,TN8,SM6,0.018247294749282838,0.010518373393251151
2019Q1,TN9,SM6,0.0033361258296819595,0.006901768376654415
2019Q2,TN9,SM6,0.004684579076440039,0.009691444920946844
2019Q3,TN9,SM6,0.002425002834478749,0.0050168395110859205
2019Q4,TN9,SM6,0.0017336706895829661,0.003586613380837933
2021Q1,TN9,SM6,0.0012804704678247632,0.0026490339493325816
2021Q2,TN9,SM6,0.004969305012441042,0.010280485191437
2022Q1,TN9,SM6,0.004588700294519546,0.009493091148087478
2021Q3,TQ2,SM6,0.0008873368374974777,0.0023048685685322107
2022Q2,TQ2,SM6,0.001152660982933486,0.002994051365239737
2022Q3,TQ2,SM6,0.0008179060156266027,0.0021245211375962177
2022Q4,TQ2,SM6,0.0007605900521231183,0.001975642203270789
2022Q4,TQ3,SM6,0.0017662068489951138,0.0023472999168500644
2021Q3,TR1,SM6,0.0011165760280252843,0.002791039800463284
2022Q1,TR1,SM6,0.0008494076715963267,0.0021232146837658152
2022Q2,TS21,SM6,0.004542194494603378,0.002124975556319836
2019Q1,TW1,SM6,0.00841366047995277,0.019076214005791826
2019Q2,TW1,SM6,0.005797354920431137,0.013144288790019656
2019Q3,TW1,SM6,0.008508661300415143,0.019291608480786874
2019Q4,TW1,SM6,0.011227683991765816,0.025456423292413398
2020Q1,TW1,SM6,0.007588992229119458,0.017206451365124092
2020Q2,TW1,SM6,0.003249143303424464,0.007366752335596789
2020Q3,TW1,SM6,0.014377041359562212,0.032596931905988745
2020Q4,TW1,SM6,0.005094619420966592,0.011550983140333171
2021Q2,TW1,SM6,0.012493910644669098,0.028327327183552582
2021Q3,TW1,SM6,0.006870523471413782,0.015577473845633568
2021Q4,TW1,SM6,0.005133802248815524,0.011639822000800538
2022Q1,TW1,SM6,0.004877084578119867,0.011057768418186014
2022Q2,TW1,SM6,0.0047420992351211175,0.010751717407829124
2022Q3,TW1,SM6,0.005853523654470335,0.01327163963731367
2022Q4,TW1,SM6,0.0053875386173922405,0.012215116104901242
2023Q1,TW1,SM6,0.003010589027991259,0.006825880449810168
2023Q2,TW1,SM6,0.001966481909428537,0.0044585861091209
2023Q3,TW1,SM6,0.0011015034475920721,0.002497428502665443
2019Q1,TW10,SM6,0.015356500924993454,0.023617958741334863
2019Q2,TW10,SM6,0.026154382269352797,0.040224861402985125
2019Q3,TW10,SM6,0.02641055047464716,0.040618842436362136
2019Q4,TW10,SM6,0.02046823109422162,0.03147968667163283
2020Q1,TW10,SM6,0.008426700387567416,0.012960078799932908
2020Q2,TW10,SM6,0.004933786338041857,0.007588054253998875
2020Q3,TW10,SM6,0.01472276530869501,0.02264328738151417
2020Q4,TW10,SM6,0.011168172928309936,0.017176402927024832
2021Q3,TW10,SM6,0.015425824414228963,0.023724576734363796
2021Q4,TW10,SM6,0.011343383707709657,0.01744587323013045
2022Q2,TW10,SM6,0.01319897813827475,0.02029973641913396
2022Q3,TW10,SM6,0.015827398361196333,0.024342188582101448
2023Q1,TW10,SM6,0.011058001394804588,0.017006961545455675
2023Q2,TW10,SM6,0.02074005894759049,0.03189775189736162
2023Q3,TW10,SM6,0.018198468518591502,0.027988842036797443
2019Q2,TW11,SM6,0.01128637286864887,0.02337109576972925
2019Q4,TW11,SM6,0.017049569902907045,0.035305153894072606
2020Q3,TW11,SM6,0.012314349378938471,0.025499763478178485
2021Q1,TW11,SM6,0.003695530979125436,0.007652468108071762
2022Q1,TW11,SM6,0.0075514235507566215,0.01563700269842756
2022Q2,TW11,SM6,0.010254226847230137,0.021233794105531268
2022Q3,TW11,SM6,0.008996652914895863,0.018629690807496442
2022Q4,TW11,SM6,0.010359973330143185,0.02145276712797481
2023Q2,TW11,SM6,0.008778329631496398,0.018177600979836738
2023Q3,TW11,SM6,0.007453906366124746,0.0154350703781197
2019Q2,TW12,SM6,0.0050153736303576,0.004021208087638336
2019Q4,TW12,SM6,0.006766323007757741,0.005425077931916464
2020Q1,TW12,SM6,0.009719168245469164,0.007792599481967539
2020Q2,TW12,SM6,0.007880157768489483,0.006318124328507227
2020Q3,TW12,SM6,0.01070491413408521,0.00858294724702058
2021Q3,TW12,SM6,0.00707662680193183,0.005673872183097455
2021Q4,TW12,SM6,0.006172849289996018,0.004949244725947705
2022Q1,TW12,SM6,0.007420298880821901,0.005949420336631471
2022Q3,TW12,SM6,0.009962593778981076,0.007987772323761577
2022Q4,TW12,SM6,0.0063165241974355284,0.0050644398723849295
2023Q1,TW12,SM6,0.006738480681020203,0.005402754612118717
2023Q2,TW12,SM6,0.005845967621886601,0.00468715872710088
2023Q3,TW12,SM6,0.007598121374743581,0.006091994211166696
2019Q1,TW13,SM6,0.005787451081546648,0.00783196350390097
2019Q2,TW13,SM6,0.004783259208301444,0.0064730243109205965
2019Q3,TW13,SM6,0.006529219965679287,0.008835774464373683
2019Q4,TW13,SM6,0.005932514077447644,0.008028272392504055
2020Q1,TW13,SM6,0.0026317432812489987,0.003561449944017573
2020Q3,TW13,SM6,0.00450811802249964,0.0061006849692558955
2021Q3,TW13,SM6,0.003728194548299293,0.00504524068131206
2022Q1,TW13,SM6,0.0030472043730973954,0.004123679509814252
2023Q2,TW13,SM6,0.004109698474729893,0.005561517153682843
2023Q3,TW13,SM6,0.006473646063314438,0.008760568165614862
2019Q2,TW14,SM6,0.003520789809799714,0.006094039095422978
2019Q3,TW14,SM6,0.004090430202384917,0.007080014120993673
2019Q4,TW14,SM6,0.004122131586140955,0.007134885181870576
2020Q1,TW14,SM6,0.0035314882063881906,0.006112556658410421
2020Q3,TW14,SM6,0.002076014012843641,0.0035933160570113024
2021Q2,TW14,SM6,0.002236096155661397,0.0038703978737375296
2021Q4,TW14,SM6,0.004836430052842736,0.008371244924154928
2022Q4,TW14,SM6,0.0011893269655306098,0.0020585736203311195
2023Q1,TW14,SM6,0.004026764897533247,0.006969817580516249
2023Q2,TW14,SM6,0.002280202428713276,0.003946740219305396
2023Q3,TW14,SM6,0.006407355041473976,0.011090316159265172
2020Q3,TW16,SM6,0.005201067079426313,0.0011910882769438824
2020Q4,TW16,SM6,0.01645371671423644,0.0037680400562425187
2021Q2,TW16,SM6,0.007194532486329327,0.0016476086871588655
2021Q3,TW16,SM6,0.01172689448462953,0.002685557854243398
2020Q2,TW17,SM6,0.02779935225813088,0.0038225703030767095
2020Q3,TW17,SM6,0.06237050048582221,0.008576301373187663
2020Q4,TW17,SM6,0.02907456327246829,0.003997919128052901
2021Q2,TW17,SM6,0.04781277085956225,0.0065745300933088245
2021Q3,TW17,SM6,0.046308707593218715,0.006367712771722068
2021Q4,TW17,SM6,0.050443745576217565,0.006936304199649403
2023Q2,TW17,SM6,0.025342288729371932,0.003484709982066541
2023Q3,TW17,SM6,0.024301300146239352,0.003341568084126793
2020Q2,TW18,SM6,0.01212108367880837,0.0028141583530273627
2020Q3,TW18,SM6,0.007007979349167128,0.00162704623991514
2021Q3,TW18,SM6,0.01648798157726124,0.003828023327760128
2023Q3,TW18,SM6,0.010570686906860595,0.002454201921581257
2020Q3,TW19,SM6,0.002252672811584943,0.000839368184863358
2021Q3,TW19,SM6,0.018973551023582943,0.007069732897371809
2021Q4,TW19,SM6,0.004300002842009642,0.001602223617137493
2019Q1,TW2,SM6,0.0030735758655196822,0.004457450062311854
2019Q2,TW2,SM6,0.00486105412905901,0.007049738473532606
2019Q3,TW2,SM6,0.009403834743874741,0.013637901128549979
2020Q1,TW2,SM6,0.004782954524407141,0.00693647460667076
2020Q2,TW2,SM6,0.003351859562135299,0.004861030691225312
2020Q3,TW2,SM6,0.0027285119151771644,0.003957021442927258
2020Q4,TW2,SM6,0.0026512739912185443,0.00384500722755536
2021Q2,TW2,SM6,0.00520897729261095,0.00755431366377022
2021Q3,TW2,SM6,0.0021880422839880152,0.0031732059470262314
2021Q4,TW2,SM6,0.003175959198799517,0.004605931380254118
2022Q1,TW2,SM6,0.002087264810181965,0.003027053525042512
2022Q3,TW2,SM6,0.0055934043837133135,0.008111828635309359
2023Q1,TW2,SM6,0.0014661888668696722,0.0021263388124906912
2023Q2,TW2,SM6,0.0004250435855978437,0.0006164189985881545
2023Q3,TW2,SM6,0.0006494722388853156,0.0009418964093797252
2019Q1,TW20,SM6,0.0012811870056289507,0.0022843061212884843
2019Q2,TW20,SM6,0.0024049296203137683,0.0042878950760617965
2019Q4,TW20,SM6,0.0009310627934727357,0.0016600483997179151
2020Q1,TW20,SM6,0.0008361565124888082,0.0014908342275105695
2020Q3,TW20,SM6,0.0008534875016983607,0.0015217347007166105
2020Q4,TW20,SM6,0.001463544693561814,0.002609442718037341
2021Q2,TW20,SM6,0.0013406029888565515,0.002390242486231989
2021Q4,TW20,SM6,0.0011100753456206674,0.0019792207507192826
2022Q1,TW20,SM6,0.0025185049448212212,0.0044903954197741775
2022Q2,TW20,SM6,0.00045251722561118007,0.0008068204437842008
2022Q4,TW20,SM6,0.003880230076776915,0.0069182978577260286
2023Q1,TW20,SM6,0.0014385358212649414,0.002564852880782301
2023Q3,TW20,SM6,0.002081311626948634,0.0037108969017475243
2019Q2,TW3,SM6,0.008239505633374458,0.024053803099625213
2019Q3,TW3,SM6,0.013518011590786815,0.03946348283156275
2019Q4,TW3,SM6,0.0030611661005795127,0.00893654181633603
2020Q1,TW3,SM6,0.002293204054498594,0.006694610241024946
2020Q2,TW3,SM6,0.0021392964362538943,0.0062453037280474025
2020Q3,TW3,SM6,0.005650374781671865,0.016495286062661527
2021Q3,TW3,SM6,0.0055371913916175755,0.01616486684825061
2021Q4,TW3,SM6,0.006768043733278954,0.019758126102921457
2022Q1,TW3,SM6,0.0036173154624364367,0.01056012311348358
2022Q2,TW3,SM6,0.007274927091419621,0.021237883874043836
2022Q3,TW3,SM6,0.0051327120530498364,0.014984059794928591
2022Q4,TW3,SM6,0.0068074059471486155,0.019873037237656425
2023Q1,TW3,SM6,0.005886645351627035,0.017185036882773574
2023Q2,TW3,SM6,0.0032378777300230486,0.009452420672323646
2023Q3,TW3,SM6,0.005340633267785976,0.015591049605001663
2019Q1,TW4,SM6,0.006146714631786642,0.0050713697579201095
2019Q2,TW4,SM6,0.00693184398361844,0.005719143648437923
2019Q3,TW4,SM6,0.007397730543057742,0.00610352508627851
2019Q4,TW4,SM6,0.0019463001382221121,0.0016058021645859867
2020Q1,TW4,SM6,0.002391326105447713,0.001972972493269532
2020Q2,TW4,SM6,0.0039686071866882,0.003274314113031292
2020Q3,TW4,SM6,0.016211020942570556,0.013374963094596369
2021Q2,TW4,SM6,0.007927093888045002,0.006540278282016099
2021Q3,TW4,SM6,0.013311260931188272,0.010982505317086742
2022Q2,TW4,SM6,0.0073288148572296435,0.006046665943485775
2022Q3,TW4,SM6,0.006815630519404825,0.005623261297754472
2022Q4,TW4,SM6,0.010248540451918768,0.008455596399726565
2023Q2,TW4,SM6,0.005089915653303819,0.004199453831977594
2023Q3,TW4,SM6,0.010605580158916288,0.008750173337312095
2019Q3,TW5,SM6,0.009905371098431991,0.005494035973225533
2019Q4,TW5,SM6,0.0014663169019183768,0.0008132959105957607
2020Q1,TW5,SM6,0.003119328573511093,0.00173014248783603
2020Q3,TW5,SM6,0.005452347524663667,0.003024156605679446
2022Q4,TW5,SM6,0.0021563604334958334,0.0011960300805632306
2023Q2,TW5,SM6,0.006325399039460018,0.0035083965580351424
2023Q3,TW5,SM6,0.003498350703277815,0.0019403679498499226
2019Q1,TW7,SM6,0.005368517007500768,0.0083244965979627
2019Q4,TW7,SM6,0.0048461789704220964,0.007514552025453622
2020Q1,TW7,SM6,0.0036349730753404506,0.0056364394407394025
2020Q2,TW7,SM6,0.002995631904070793,0.004645068192825739
2020Q3,TW7,SM6,0.006013975750282604,0.009325353836731894
2021Q2,TW7,SM6,0.005181986024626471,0.008035259080379685
2021Q3,TW7,SM6,0.0042614929889498564,0.0066079298694947655
2022Q2,TW7,SM6,0.00497369553589449,0.007712280972568014
2022Q4,TW7,SM6,0.002828442704181105,0.0043858223110015285
2023Q1,TW7,SM6,0.0017766599900635087,0.0027549135119356327
2023Q2,TW7,SM6,0.002845916246763792,0.0044129170273972665
2023Q3,TW7,SM6,0.005716962158541677,0.008864800460344798
2019Q1,TW8,SM6,0.0040131693212965905,0.005206559328196538
2019Q2,TW8,SM6,0.002850650127538426,0.00369834358450757
2019Q3,TW8,SM6,0.006263076534645661,0.008125517999358359
2019Q4,TW8,SM6,0.005567456432565602,0.0072230424142525175
2020Q1,TW8,SM6,0.002879896994871601,0.003736287547929694
2020Q2,TW8,SM6,0.003371489549387896,0.004374064226527906
2021Q4,TW8,SM6,0.0027926817856984212,0.00362313728574875
2023Q3,TW8,SM6,0.0012948306205259092,0.0016798724165357616
2019Q1,TW9,SM6,0.006848301853339732,0.013414951942274777
2019Q2,TW9,SM6,0.0037717290176346274,0.007388337224968655
2019Q3,TW9,SM6,0.005513171661683243,0.0107996017808304
2019Q4,TW9,SM6,0.0071115988179215545,0.013930717193581486
2020Q3,TW9,SM6,0.00555144831292201,0.010874580870227408
2021Q1,TW9,SM6,0.003167305897618819,0.006204349240581308
2021Q2,TW9,SM6,0.0036084733006086726,0.007068540048222312
2021Q4,TW9,SM6,0.003352048734771991,0.006566236951602791
2022Q3,TW9,SM6,0.004143766468690222,0.00811711125297142
2022Q4,TW9,SM6,0.0036922179739250064,0.007232585207448502
2023Q1,TW9,SM6,0.004213273387644256,0.008253266463035541
2023Q2,TW9,SM6,0.0014397820358388455,0.002820349808136661
2023Q3,TW9,SM6,0.0017656555257034422,0.0034586945101393964
2019Q1,UB1,SM6,0.0017267502852375788,0.0017332098142204533
2019Q3,UB1,SM6,0.0032032567477989025,0.0032152396789609195
2019Q4,UB1,SM6,0.0037861969597817392,0.003800360587959867
2020Q3,UB1,SM6,0.010013091754978273,0.010050549317286168
2021Q2,UB1,SM6,0.003401606950983044,0.0034143318822461646
2021Q4,UB1,SM6,0.0074587599087236065,0.0074866620762915545
2022Q1,UB1,SM6,0.002524678349402029,0.002534122814597617
2022Q2,UB1,SM6,0.0031349518418807122,0.003146679254035016
2023Q3,UB1,SM6,0.004202817272432709,0.004218539418369561
2019Q2,UB10,SM6,0.004534556278607645,0.007083592668442168
2019Q4,UB10,SM6,0.0023006220690865373,0.003593884080415826
2020Q1,UB10,SM6,0.0016787232347639982,0.002622393651660461
2020Q3,UB10,SM6,0.003318430071865125,0.005183838392015625
2021Q1,UB10,SM6,0.002827870686152363,0.004417518016973901
2021Q3,UB10,SM6,0.0036215798456911796,0.005657399504366293
2021Q4,UB10,SM6,0.0030681506076400164,0.004792867882682575
2022Q1,UB10,SM6,0.00397854534043154,0.006215028080586338
2022Q2,UB10,SM6,0.0020190349455997954,0.003154006755953361
2022Q3,UB10,SM6,0.0019882363539684327,0.0031058951735902784
2022Q4,UB10,SM6,0.0032078169482020738,0.005011045672359786
2023Q1,UB10,SM6,0.002166300938642319,0.003384056234785099
2023Q2,UB10,SM6,0.0007483657784711558,0.0011690489688483973
2019Q1,UB2,SM6,0.002671809546408689,0.002134972768239437
2019Q2,UB2,SM6,0.0018541872029086426,0.0014816322483573
2019Q4,UB2,SM6,0.004001316648693628,0.0031973469417184513
2021Q3,UB2,SM6,0.010531135015201256,0.00841515313332454
2021Q4,UB2,SM6,0.009724530882729078,0.007770616976212506
2022Q1,UB2,SM6,0.001642282125011439,0.0013123044714690502
2022Q3,UB2,SM6,0.00384649301244401,0.0030736314442133825
2022Q4,UB2,SM6,0.0034184888279357698,0.0027316245523501983
2023Q2,UB2,SM6,0.0011303262809941087,0.0009032140155317217
2023Q3,UB2,SM6,0.008470516297293123,0.0067685668882938145
2019Q1,UB3,SM6,0.001955555547391285,0.005657285899685388
2019Q2,UB3,SM6,0.003861297403231385,0.01117046426164334
2019Q3,UB3,SM6,0.003769739955969593,0.010905594948114355
2019Q4,UB3,SM6,0.001564134206802855,0.004524931242769164
2020Q1,UB3,SM6,0.0215565264996478,0.0623615287100054
2020Q2,UB3,SM6,0.0009891660043222434,0.0028615883073050173
2020Q4,UB3,SM6,0.00198752113266733,0.005749760109941702
2021Q2,UB3,SM6,0.003747552541128112,0.010841408303403277
2021Q3,UB3,SM6,0.0039406419548901695,0.011400002519411008
2022Q2,UB3,SM6,0.004952564785585224,0.014327424739300218
2022Q3,UB3,SM6,0.0048700001135423675,0.01408857089769838
2022Q4,UB3,SM6,0.0027265387608121677,0.007887686599884659
2023Q2,UB3,SM6,0.0024837338299008795,0.00718526885785175
2023Q3,UB3,SM6,0.0026072961321994994,0.0075427259863179545
2019Q1,UB4,SM6,0.0010144502545086538,0.0017701881378548888
2019Q2,UB4,SM6,0.01019547896334352,0.017790833843697156
2019Q3,UB4,SM6,0.004309330254223435,0.0075196642360943295
2019Q4,UB4,SM6,0.006707695863634571,0.011704747075937496
2020Q1,UB4,SM6,0.002981111356305433,0.005201958338619903
2020Q4,UB4,SM6,0.004969094012354015,0.008670934072381162
2021Q1,UB4,SM6,0.004787877077209307,0.008354715443083314
2021Q2,UB4,SM6,0.005511898466016311,0.00961811309942295
2021Q3,UB4,SM6,0.0104894559960886,0.018303815780321704
2021Q4,UB4,SM6,0.0071575318303607645,0.012489698618647571
2022Q2,UB4,SM6,0.006580482681930686,0.01148276352944998
2022Q3,UB4,SM6,0.005610758863363981,0.009790621807376528
2022Q4,UB4,SM6,0.0037312394420741858,0.006510911472002269
2023Q1,UB4,SM6,0.0029871009226906725,0.005212409969263122
2023Q2,UB4,SM6,0.0025084564437311283,0.004377188355252782
2023Q3,UB4,SM6,0.0016407180136696086,0.0028630083658163245
2019Q1,UB5,SM6,0.0019750586885966355,0.0017839911065847926
2019Q2,UB5,SM6,0.005763559202361583,0.0052059913047920155
2019Q3,UB5,SM6,0.00742211295958283,0.006704096231880477
2020Q1,UB5,SM6,0.0032985561624147264,0.0029794531637435005
2020Q3,UB5,SM6,0.007622341789604531,0.0068849548838805395
2020Q4,UB5,SM6,0.003151465950913229,0.0028465924894256157
2021Q1,UB5,SM6,0.005666337540548279,0.005118174886452788
2021Q2,UB5,SM6,0.011367136575710849,0.010267477455473429
2022Q1,UB5,SM6,0.006502720530274623,0.005873646014468127
2022Q4,UB5,SM6,0.0017603660925871816,0.0015900679162807047
2023Q1,UB5,SM6,0.0025864986742439463,0.0023362802628023216
2023Q2,UB5,SM6,0.002675104962403677,0.0024163147604995858
2023Q3,UB5,SM6,0.003277740916580184,0.002960651589053796
2019Q2,UB6,SM6,0.002873030325060233,0.0053190847646325074
2020Q1,UB6,SM6,0.0029466033662115805,0.005455296777037077
2020Q3,UB6,SM6,0.006705424880212824,0.012414321912867394
2021Q4,UB6,SM6,0.006382844832395783,0.011817102105352108
2022Q1,UB6,SM6,0.0032102452105041267,0.005943399288543529
2022Q2,UB6,SM6,0.002119658337791123,0.003924303294826743
2022Q4,UB6,SM6,0.002541614148864716,0.0047055058830669655
2023Q2,UB6,SM6,0.002326202838638024,0.004306696650751501
2023Q3,UB6,SM6,0.0017795594382236993,0.0032946493509132084
2019Q1,UB7,SM6,0.0023136057272788034,0.0028116590500474625
2020Q3,UB7,SM6,0.0055746404549806726,0.006774701541062664
2021Q3,UB7,SM6,0.005367486763324282,0.006522953568178153
2022Q1,UB7,SM6,0.00372273693126275,0.0045241360100028325
2022Q2,UB7,SM6,0.0023437533200401693,0.002848296559639184
2022Q3,UB7,SM6,0.002315568826342334,0.0028140447483464576
2023Q2,UB7,SM6,0.0013414977671999222,0.00163028397332092
2023Q3,UB7,SM6,0.0030632291268241968,0.003722654986221147
2019Q1,UB8,SM6,0.0009735876615936676,0.0015152024315645985
2019Q2,UB8,SM6,0.003175556441785141,0.004942144433391168
2019Q3,UB8,SM6,0.0017620932976225184,0.00274236019469568
2019Q4,UB8,SM6,0.0022775929089570626,0.0035446364512436977
2021Q4,UB8,SM6,0.001943014536179962,0.003023929396317636
2019Q1,UNKNOWN,SM6,0.02422724114616891,21.86611986113266
2019Q2,UNKNOWN,SM6,0.0261659957374697,23.615928682489443
2019Q3,UNKNOWN,SM6,0.024844259390184042,22.423005178727887
2019Q4,UNKNOWN,SM6,0.02329134455516247,21.021433216330415
2020Q1,UNKNOWN,SM6,0.021003132823780447,18.956224401006388
2020Q2,UNKNOWN,SM6,0.034092027188740624,30.76951058192925
2020Q3,UNKNOWN,SM6,0.0398295482040465,35.947868343324
2021Q2,UNKNOWN,SM6,0.03351288710678782,30.246811923342253
2021Q3,UNKNOWN,SM6,0.03315207582630796,29.921164332738687
2022Q1,UNKNOWN,SM6,0.026475170123440517,23.894971770426803
2022Q2,UNKNOWN,SM6,0.029388013329158618,26.523937168865892
2022Q3,UNKNOWN,SM6,0.027646732783814427,24.95235710794858
2022Q4,UNKNOWN,SM6,0.026881995793658058,24.262149313007587
2023Q1,UNKNOWN,SM6,0.017873078935843115,16.131217084964334
2023Q2,UNKNOWN,SM6,0.011534217009973504,10.410123468981027
2023Q3,UNKNOWN,SM6,0.012964710185087441,11.701204654777529
2019Q1,W10,SM6,0.0022215306804699874,0.0017088416101664243
2019Q3,W10,SM6,0.0010842552513409397,0.0008340287648608435
2020Q1,W10,SM6,0.003009448921415832,0.002314922582792264
2021Q2,W10,SM6,0.0022215306804699874,0.0017088416101664243
2021Q3,W10,SM6,0.004752542649393962,0.00365574182916836
2022Q3,W10,SM6,0.003668213553794264,0.002821656261967064
2023Q2,W10,SM6,0.005153147753155086,0.0039638945261219844
2023Q3,W10,SM6,0.003789391982415832,0.002914868902649257
2019Q1,W11,SM6,0.003872058335408747,0.007822704722407248
2019Q2,W11,SM6,0.010245864813287398,0.02069968169825847
2019Q3,W11,SM6,0.003195619151775532,0.006456097213465817
2020Q3,W11,SM6,0.007431749601106989,0.015014335442389656
2022Q3,W11,SM6,0.005040946594287638,0.010184205224370385
2023Q1,W11,SM6,0.005264861206634574,0.01063657906373235
2023Q2,W11,SM6,0.003238833209934402,0.0065434024107409745
2023Q3,W11,SM6,0.002086814459770749,0.004215983313049208
2019Q2,W12,SM6,0.003896270237974879,0.00989002590316802
2019Q3,W12,SM6,0.004453948013905292,0.011305597029579315
2019Q4,W12,SM6,0.0027841594707338486,0.007067119989711006
2020Q1,W12,SM6,0.003227218027198125,0.00819174952832572
2020Q3,W12,SM6,0.002232680352318492,0.0056672831116049895
2020Q4,W12,SM6,0.002665937421448492,0.0067670332251016044
2022Q2,W12,SM6,0.0024599942983038517,0.006244281285919261
2022Q4,W12,SM6,0.002454892154212036,0.00623133035229614
2023Q1,W12,SM6,0.0032214669261823505,0.00817715132682948
2023Q2,W12,SM6,0.0011141023936628355,0.002827961321757267
2023Q3,W12,SM6,0.0009101285191150363,0.002310207988534725
2019Q1,W13,SM6,0.0010443752611362337,0.0019879115088084817
2019Q2,W13,SM6,0.0017045068481749688,0.0032444360819533914
2019Q4,W13,SM6,0.0010039693948168788,0.001911001139836093
2020Q1,W13,SM6,0.001500269219600623,0.0028556808638979803
2020Q2,W13,SM6,0.0010319013673980577,0.001964168130499428
2023Q1,W13,SM6,0.0006390632401986582,0.0012164221207855998
2019Q1,W14,SM6,0.006046872861054128,0.011993075756073276
2019Q2,W14,SM6,0.007643357043204112,0.01515946542224523
2019Q3,W14,SM6,0.006071101937153779,0.012041130536095904
2019Q4,W14,SM6,0.006602652353713474,0.013095381974890241
2020Q1,W14,SM6,0.004352842303968672,0.008633217318320847
2020Q4,W14,SM6,0.0041418259532568285,0.00821469767386844
2021Q3,W14,SM6,0.008595049949576888,0.01704700719547454
2021Q4,W14,SM6,0.00835694056577962,0.016574752536954267
2022Q2,W14,SM6,0.014216138325555962,0.02819560255604375
2022Q4,W14,SM6,0.006273612335617874,0.012442779885433984
2023Q1,W14,SM6,0.008215776125950808,0.016294773800864974
2023Q2,W14,SM6,0.001808817953075286,0.0035875222182851704
2023Q3,W14,SM6,0.004235362788412215,0.00840021411778559
2019Q2,W1J,SM6,0.02711928683061748,0.0066484299382372405
2019Q3,W1J,SM6,0.0340932149293381,0.00835812358351045
2019Q4,W1J,SM6,0.031931225391839776,0.007828100944750215
2019Q2,W1K,SM6,0.018538756871488662,0.00675396868679758
2019Q3,W1K,SM6,0.006623891297345939,0.00241319063177471
2019Q1,W1S,SM6,0.018163642644815337,0.0016449389771576082
2019Q1,W2,SM6,0.003542471115626164,0.011171770715473742
2019Q2,W2,SM6,0.0033695784675470924,0.010626525049472296
2019Q3,W2,SM6,0.006960842809930856,0.02195217330523127
2019Q4,W2,SM6,0.005784546001852101,0.01824252605497369
2020Q1,W2,SM6,0.002123036704003353,0.006695348671450826
2021Q1,W2,SM6,0.005535950905614228,0.01745854015205131
2021Q4,W2,SM6,0.005128223967957604,0.016172705571233018
2022Q1,W2,SM6,0.0037909221196476975,0.011955302199672509
2022Q2,W2,SM6,0.005025990540465489,0.015850295486825875
2022Q4,W2,SM6,0.005068551778866453,0.015984519417314616
2023Q1,W2,SM6,0.0030288904335419218,0.0095521087798174
2023Q2,W2,SM6,0.0030532780411572013,0.009629019148789787
2023Q3,W2,SM6,0.0022803133581367468,0.007191346708280144
2019Q2,W3,SM6,0.0036139388006945134,0.009097008428113723
2019Q4,W3,SM6,0.0021313284862230675,0.00536498105571795
2020Q1,W3,SM6,0.0007682034479247421,0.001933722076017005
2020Q3,W3,SM6,0.0008299882800610974,0.0020892468841753518
2021Q2,W3,SM6,0.0005757858936417977,0.0014493685189804046
2021Q3,W3,SM6,0.00039221408596128263,0.0009872814794010976
2021Q4,W3,SM6,0.0015676152314391774,0.003946001788879516
2022Q4,W3,SM6,0.0015161880464725028,0.0038165492549887673
2023Q1,W3,SM6,0.0014861531262484384,0.0037409453398467812
2019Q1,W4,SM6,0.007052837322280838,0.011238399860824269
2019Q2,W4,SM6,0.008478904196230652,0.013510777490617774
2019Q3,W4,SM6,0.00820698723298883,0.013077489237647776
2019Q4,W4,SM6,0.007680620442319088,0.01223874587852939
2020Q1,W4,SM6,0.003712657540854225,0.005915963758105078
2021Q1,W4,SM6,0.0044943653393505496,0.0071615822818831484
2022Q2,W4,SM6,0.010281120492850595,0.01638253341686375
2022Q4,W4,SM6,0.0054475718937667,0.008680476865577146
2023Q1,W4,SM6,0.008958074072986892,0.014274314550977338
2023Q2,W4,SM6,0.0024776597443790004,0.003948046673135797
2019Q1,W5,SM6,0.0022198601373721568,0.005157425303705315
2019Q3,W5,SM6,0.0014726780406032409,0.0034214889771431523
2019Q4,W5,SM6,0.00448394829127044,0.010417606041288809
2020Q2,W5,SM6,0.0020197460880264683,0.0046924981471033935
2020Q3,W5,SM6,0.00043944409565539386,0.0010209652672893005
2022Q4,W5,SM6,0.001140735652336117,0.002650283600822532
2019Q1,W6,SM6,0.00757948942496055,0.025759406976385863
2019Q2,W6,SM6,0.006752767310973426,0.022949736008254232
2019Q3,W6,SM6,0.0064942578710365274,0.0220711742084788
2019Q4,W6,SM6,0.005673268526034878,0.019280986443122296
2020Q1,W6,SM6,0.006324898838588048,0.021495596092675838
2020Q3,W6,SM6,0.007406720815622752,0.02517224118313063
2021Q4,W6,SM6,0.008794468750412999,0.02988859631322398
2022Q1,W6,SM6,0.005254943526217158,0.017859280663942153
2022Q2,W6,SM6,0.002695905648271936,0.009162217514952942
2022Q3,W6,SM6,0.0017553972624098258,0.005965836213022179
2022Q4,W6,SM6,0.004718670565086016,0.016036720768190262
2023Q1,W6,SM6,0.006201786371104036,0.021077190052904333
2023Q2,W6,SM6,0.0020019063287852927,0.006803613932352875
2023Q3,W6,SM6,0.003247254287609782,0.01103601312179279
2019Q2,W7,SM6,0.0011039191046299252,0.0009549041453432976
2019Q3,W7,SM6,0.0025408329019954608,0.0021978529591201125
2019Q4,W7,SM6,0.003585783512427678,0.003101748602737261
2020Q4,W7,SM6,0.0032868040535388525,0.002843127546658026
2021Q2,W7,SM6,0.0030167178434774115,0.0026094995203777933
2022Q3,W7,SM6,0.0008715254509933003,0.0007538806624826747
2023Q1,W7,SM6,0.0060575352831358465,0.005239845499701575
2019Q2,W8,SM6,0.006882041850379565,0.02685961150860609
2019Q3,W8,SM6,0.005032979117341689,0.019642987758824684
2019Q4,W8,SM6,0.0016423370304682176,0.00640980330599721
2020Q1,W8,SM6,0.0020501851269980357,0.008001575292491483
2020Q3,W8,SM6,0.004784745268916732,0.018674167040070574
2021Q1,W8,SM6,0.002305637783397828,0.00899856997210992
2021Q2,W8,SM6,0.003698023587737397,0.014432849883179654
2021Q3,W8,SM6,0.004015854895306829,0.01567329939397657
2021Q4,W8,SM6,0.0068522351593867,0.026743280315359826
2022Q1,W8,SM6,0.006603244500448253,0.0257715058749022
2022Q4,W8,SM6,0.004587465143717371,0.01790421131523991
2023Q2,W8,SM6,0.0032250752329990398,0.012587001027842323
2023Q3,W8,SM6,0.003295109313593605,0.012860333890098705
2019Q2,W9,SM6,0.0030843959965220226,0.004217971394965038
2019Q3,W9,SM6,0.002731458054207525,0.0037353219081420045
2020Q1,W9,SM6,0.0021950937316104788,0.0030018332858817
2020Q3,W9,SM6,0.002754510962055536,0.003766847207093021
2020Q4,W9,SM6,0.002434096311353637,0.003328673952844125
2021Q3,W9,SM6,0.0025475747694451057,0.003483857946959757
2023Q2,W9,SM6,0.001015241754272207,0.0013883628053346544
2019Q3,WC1B,SM6,0.018936700874749676,0.003288401093463457
2020Q1,WC1H,SM6,0.002321046223137073,0.0023179899091766874
2023Q1,WC1H,SM6,0.0026041811010721924,0.0026007519599481428
2019Q1,WC1N,SM6,0.01381009983043829,0.011431868632404736
2019Q2,WC1N,SM6,0.0075737785949546894,0.006269501525080074
2019Q4,WC1N,SM6,0.005295757486765208,0.004383777426745246
2020Q1,WC1N,SM6,0.007000327712337077,0.0057948043659203615
2019Q1,WC1X,SM6,0.017109316223861085,0.01663325894762012
2019Q2,WC1X,SM6,0.006644089462652486,0.0064592213421906935
2019Q3,WC1X,SM6,0.005961766470366085,0.005795883610388955
2019Q4,WC1X,SM6,0.006909411324955323,0.006717160770184503
2022Q2,WC1X,SM6,0.00162552731361534,0.0015802979137229125
2019Q2,WC2A,SM6,0.038919892942617086,0.003709420040895765
2019Q3,WC2H,SM6,0.04371598439562889,0.003647903106185945
2019Q2,WC2N,SM6,0.021271264539803925,0.0021202609620622967
2019Q1,WC2R,SM6,0.027872831628450445,0.003154120360634265
2019Q2,WD17,SM6,0.0008856031953771988,0.0011503041964991444
2019Q3,WD17,SM6,0.0013438638187714838,0.0017455359220985985
2019Q4,WD17,SM6,0.0013783241080390376,0.0017902961663749956
2020Q1,WD17,SM6,0.000810035454445304,0.0010521497521976027
2020Q3,WD17,SM6,0.0007932426231271052,0.001030337653463927
2021Q2,WD17,SM6,0.0012773921948036134,0.0016591963646111312
2021Q3,WD17,SM6,0.001739195056054081,0.0022590290797872194
2022Q1,WD17,SM6,0.00161184941855774,0.002093620664390177
2022Q3,WD17,SM6,0.0011720871484124085,0.001522416328802038
2023Q2,WD17,SM6,0.0008211432126609878,0.0010665775466724822
2019Q1,WD18,SM6,0.0009395956578041824,0.0014389168883371848
2019Q3,WD18,SM6,0.0025720930400454376,0.003938958298663433
2019Q4,WD18,SM6,0.0011021295348173645,0.0016878247441990807
2020Q1,WD18,SM6,0.0004439452245483285,0.0006798672128733525
2020Q3,WD18,SM6,0.0022343771682505897,0.0034217729888454127
2020Q4,WD18,SM6,0.0013582446468155438,0.0020800449050220817
2021Q3,WD18,SM6,0.002800241346186032,0.004288349494785414
2021Q4,WD18,SM6,0.0015921050061419044,0.0024381836615737147
2022Q1,WD18,SM6,0.0006979461350426851,0.0010688496402905736
2022Q3,WD18,SM6,0.001567476413185092,0.0024004669075133995
2022Q4,WD18,SM6,0.0011142212837690524,0.001706342307186524
2023Q3,WD18,SM6,0.002256965742212486,0.003456365614180853
2022Q2,WD19,SM6,0.002394897518357202,0.0020140405854165307
2022Q3,WD19,SM6,0.0033304455209170808,0.0028008098030210767
2020Q2,WD23,SM6,0.0022907310797474893,0.002353888988342529
2020Q3,WD23,SM6,0.0020237923639149454,0.002079590486298464
2021Q3,WD23,SM6,0.0034497503497538987,0.003544863660605507
2022Q3,WD23,SM6,0.001582561295417251,0.0016261942048083561
2023Q2,WD23,SM6,0.0029942574902674284,0.00307681237527871
2023Q3,WD23,SM6,0.0037524540995776744,0.0038559132769221977
2019Q1,WD24,SM6,0.0017027093098692465,0.0033289011622059336
2019Q2,WD24,SM6,0.0014581618435921466,0.002850795862619084
2019Q3,WD24,SM6,0.0007069127244847478,0.0013820577455444516
2019Q4,WD24,SM6,0.0008649083430679567,0.001690948872923956
2020Q1,WD24,SM6,0.002111731435359209,0.0041285645110931465
2021Q2,WD24,SM6,0.00043793084937563607,0.0008561816776372329
2022Q2,WD24,SM6,0.0012607109013539177,0.0024647671569053816
2023Q1,WD24,SM6,0.0013529282778495238,0.002645057785500922
2023Q2,WD24,SM6,0.0007886706631925723,0.0015418995315771705
2023Q3,WD24,SM6,0.0005282887702645254,0.0010328369564438274
2020Q3,WD25,SM6,0.0016231478181251788,0.0011205965724426015
2019Q2,WD3,SM6,0.000646584484127666,0.0012945821412479385
2019Q3,WD3,SM6,0.00047369668428237627,0.0009484286785317377
2021Q2,WD3,SM6,0.0017874623940355226,0.0035788314601959705
2022Q4,WD3,SM6,0.0007756687455809098,0.0015530327903058175
2023Q3,WD3,SM6,0.0007107294325113549,0.0014230122330105464
2020Q3,WD4,SM6,0.003291503012493198,0.000817158469746516
2019Q2,WD6,SM6,0.0019655490381350555,0.0043401532292778955
2019Q3,WD6,SM6,0.0006784807334416827,0.001498161729428914
2020Q2,WD6,SM6,0.001068411006712167,0.002359171606004591
2020Q4,WD6,SM6,0.0015416111239314944,0.003404050658624302
2021Q1,WD6,SM6,0.0007909992065440113,0.0017466151665671914
2021Q4,WD6,SM6,0.002919100652437095,0.00644570238516305
2022Q3,WD6,SM6,0.0012975638549964706,0.0028651668547535107
2022Q4,WD6,SM6,0.004939416912619444,0.010906787797263852
2023Q1,WD6,SM6,0.0013693348975103018,0.003023645384615375
2023Q2,WD6,SM6,0.0014235104586336456,0.0031432711136078787
2023Q3,WD6,SM6,0.0013482151749641172,0.002977010663104053
2019Q2,WF1,SM6,0.0006611034223004438,0.0013585983789376596
2019Q2,WF2,SM6,0.0003978367246785783,0.00141165176492009
2019Q4,WF2,SM6,0.0005042434810337412,0.0017892169219064023
2020Q4,WF2,SM6,0.0012076454479730914,0.004285111761379634
2022Q2,WF2,SM6,0.0027320138799219462,0.00969405782860765
2022Q3,WF2,SM6,0.0003612418931714469,0.0012818016146461753
2023Q1,WF2,SM6,0.0003435047657392939,0.001218864621425048
2021Q3,WF4,SM6,0.008067108039473487,0.004548504214056862
2019Q4,WR11,SM6,0.0005251995034075933,0.0015290054002945028
2022Q3,WS1,SM6,0.0012066743781220393,0.002108275668226865
2021Q3,WV10,SM6,0.0013442344204943131,0.0025121971111830357
2022Q1,YO10,SM6,0.0011076667257762774,0.0017443430729491
2019Q3,YO23,SM6,0.000977244463365937,0.0013503052372316265
2020Q3,YO23,SM6,0.001549770276982688,0.0021413914327105448
2021Q3,YO62,SM6,0.00521236516008703,0.0013196319733873945
2021Q4,YO62,SM6,0.02017413268184855,0.005107552848788212
2022Q2,YO62,SM6,0.04032291252007237,0.010208687033105316
2022Q3,YO62,SM6,0.01129682326857533,0.002860054644112806
2019Q2,YO8,SM6,0.0006438925032233579,0.0014339750847178366
